0
8
16
24
32
40
48
56
64
1
9
17
25
33
41
49
57
65
2
10
18
26
34
42
50
58
66
3
11
19
27
35
43
51
59
67
4
12
20
28
36
44
52
60
68
5
13
21
29
37
45
53
61
69
6
14
22
30
38
46
54
62
70
7
15
23
31
39
47
55
63
71
72
80
88
96
104
112
120
128
136
73
81
89
97
105
113
121
129
137
74
82
90
98
106
114
122
130
138
75
83
91
99
107
115
123
131
139
76
84
92
100
108
116
124
132
140
77
85
93
101
109
117
125
133
141
78
86
94
102
110
118
126
134
142
79
87
95
103
111
119
127
135
143
144
152
160
168
176
184
192
200
208
145
153
161
169
177
185
193
201
209
146
154
162
170
178
186
194
202
210
147
155
163
171
179
187
195
203
211
148
156
164
172
180
188
196
204
212
149
157
165
173
181
189
197
205
213
150
158
166
174
182
190
198
206
214
151
159
167
175
183
191
199
207
215
216
224
232
240
248
256
264
272
280
217
225
233
241
249
257
265
273
281
218
226
234
242
250
258
266
274
282
219
227
235
243
251
259
267
275
283
220
228
236
244
252
260
268
276
284
221
229
237
245
253
261
269
277
285
222
230
238
246
254
262
270
278
286
223
231
239
247
255
263
271
279
287
288
296
304
312
320
328
336
344
352
289
297
305
313
321
329
337
345
353
290
298
306
314
322
330
338
346
354
291
299
307
315
323
331
339
347
355
292
300
308
316
324
332
340
348
356
293
301
309
317
325
333
341
349
357
294
302
310
318
326
334
342
350
358
295
303
311
319
327
335
343
351
359
360
368
376
384
392
400
408
416
424
361
369
377
385
393
401
409
417
425
362
370
378
386
394
402
410
418
426
363
371
379
387
395
403
411
419
427
364
372
380
388
396
404
412
420
428
365
373
381
389
397
405
413
421
429
366
374
382
390
398
406
414
422
430
367
375
383
391
399
407
415
423
431
432
440
448
456
464
472
480
488
496
433
441
449
457
465
473
481
489
497
434
442
450
458
466
474
482
490
498
435
443
451
459
467
475
483
491
499
436
444
452
460
468
476
484
492
500
437
445
453
461
469
477
485
493
501
438
446
454
462
470
478
486
494
502
439
447
455
463
471
479
487
495
503
504
512
520
528
536
544
552
560
568
505
513
521
529
537
545
553
561
569
506
514
522
530
538
546
554
562
570
507
515
523
531
539
547
555
563
571
508
516
524
532
540
548
556
564
572
509
517
525
533
541
549
557
565
573
510
518
526
534
542
550
558
566
574
511
519
527
535
543
551
559
567
575
592
600
608
616
624
632
640
648
656
593
601
609
617
625
633
641
649
657
594
602
610
618
626
634
642
650
658
595
603
611
619
627
635
643
651
659
596
604
612
620
628
636
644
652
660
597
605
613
621
629
637
645
653
661
598
606
614
622
630
638
646
654
662
599
607
615
623
631
639
647
655
663
664
672
680
688
696
704
712
720
728
665
673
681
689
697
705
713
721
729
666
674
682
690
698
706
714
722
730
667
675
683
691
699
707
715
723
731
668
676
684
692
700
708
716
724
732
669
677
685
693
701
709
717
725
733
670
678
686
694
702
710
718
726
734
671
679
687
695
703
711
719
727
735
736
744
752
760
768
776
784
792
800
737
745
753
761
769
777
785
793
801
738
746
754
762
770
778
786
794
802
739
747
755
763
771
779
787
795
803
740
748
756
764
772
780
788
796
804
741
749
757
765
773
781
789
797
805
742
750
758
766
774
782
790
798
806
743
751
759
767
775
783
791
799
807
808
816
824
832
840
848
856
864
872
809
817
825
833
841
849
857
865
873
810
818
826
834
842
850
858
866
874
811
819
827
835
843
851
859
867
875
812
820
828
836
844
852
860
868
876
813
821
829
837
845
853
861
869
877
814
822
830
838
846
854
862
870
878
815
823
831
839
847
855
863
871
879
880
888
896
904
912
920
928
936
944
881
889
897
905
913
921
929
937
945
882
890
898
906
914
922
930
938
946
883
891
899
907
915
923
931
939
947
884
892
900
908
916
924
932
940
948
885
893
901
909
917
925
933
941
949
886
894
902
910
918
926
934
942
950
887
895
903
911
919
927
935
943
951
952
960
968
976
984
992
1000
1008
1016
953
961
969
977
985
993
1001
1009
1017
954
962
970
978
986
994
1002
1010
1018
955
963
971
979
987
995
1003
1011
1019
956
964
972
980
988
996
1004
1012
1020
957
965
973
981
989
997
1005
1013
1021
958
966
974
982
990
998
1006
1014
1022
959
967
975
983
991
999
1007
1015
1023
1024
1032
1040
1048
1056
1064
1072
1080
1088
1025
1033
1041
1049
1057
1065
1073
1081
1089
1026
1034
1042
1050
1058
1066
1074
1082
1090
1027
1035
1043
1051
1059
1067
1075
1083
1091
1028
1036
1044
1052
1060
1068
1076
1084
1092
1029
1037
1045
1053
1061
1069
1077
1085
1093
1030
1038
1046
1054
1062
1070
1078
1086
1094
1031
1039
1047
1055
1063
1071
1079
1087
1095
1096
1104
1112
1120
1128
1136
1144
1152
1160
1097
1105
1113
1121
1129
1137
1145
1153
1161
1098
1106
1114
1122
1130
1138
1146
1154
1162
1099
1107
1115
1123
1131
1139
1147
1155
1163
1100
1108
1116
1124
1132
1140
1148
1156
1164
1101
1109
1117
1125
1133
1141
1149
1157
1165
1102
1110
1118
1126
1134
1142
1150
1158
1166
1103
1111
1119
1127
1135
1143
1151
1159
1167
1184
1192
1200
1208
1216
1224
1232
1240
1248
1185
1193
1201
1209
1217
1225
1233
1241
1249
1186
1194
1202
1210
1218
1226
1234
1242
1250
1187
1195
1203
1211
1219
1227
1235
1243
1251
1188
1196
1204
1212
1220
1228
1236
1244
1252
1189
1197
1205
1213
1221
1229
1237
1245
1253
1190
1198
1206
1214
1222
1230
1238
1246
1254
1191
1199
1207
1215
1223
1231
1239
1247
1255
1256
1264
1272
1280
1288
1296
1304
1312
1320
1257
1265
1273
1281
1289
1297
1305
1313
1321
1258
1266
1274
1282
1290
1298
1306
1314
1322
1259
1267
1275
1283
1291
1299
1307
1315
1323
1260
1268
1276
1284
1292
1300
1308
1316
1324
1261
1269
1277
1285
1293
1301
1309
1317
1325
1262
1270
1278
1286
1294
1302
1310
1318
1326
1263
1271
1279
1287
1295
1303
1311
1319
1327
1328
1336
1344
1352
1360
1368
1376
1384
1392
1329
1337
1345
1353
1361
1369
1377
1385
1393
1330
1338
1346
1354
1362
1370
1378
1386
1394
1331
1339
1347
1355
1363
1371
1379
1387
1395
1332
1340
1348
1356
1364
1372
1380
1388
1396
1333
1341
1349
1357
1365
1373
1381
1389
1397
1334
1342
1350
1358
1366
1374
1382
1390
1398
1335
1343
1351
1359
1367
1375
1383
1391
1399
1400
1408
1416
1424
1432
1440
1448
1456
1464
1401
1409
1417
1425
1433
1441
1449
1457
1465
1402
1410
1418
1426
1434
1442
1450
1458
1466
1403
1411
1419
1427
1435
1443
1451
1459
1467
1404
1412
1420
1428
1436
1444
1452
1460
1468
1405
1413
1421
1429
1437
1445
1453
1461
1469
1406
1414
1422
1430
1438
1446
1454
1462
1470
1407
1415
1423
1431
1439
1447
1455
1463
1471
1472
1480
1488
1496
1504
1512
1520
1528
1536
1473
1481
1489
1497
1505
1513
1521
1529
1537
1474
1482
1490
1498
1506
1514
1522
1530
1538
1475
1483
1491
1499
1507
1515
1523
1531
1539
1476
1484
1492
1500
1508
1516
1524
1532
1540
1477
1485
1493
1501
1509
1517
1525
1533
1541
1478
1486
1494
1502
1510
1518
1526
1534
1542
1479
1487
1495
1503
1511
1519
1527
1535
1543
1544
1552
1560
1568
1576
1584
1592
1600
1608
1545
1553
1561
1569
1577
1585
1593
1601
1609
1546
1554
1562
1570
1578
1586
1594
1602
1610
1547
1555
1563
1571
1579
1587
1595
1603
1611
1548
1556
1564
1572
1580
1588
1596
1604
1612
1549
1557
1565
1573
1581
1589
1597
1605
1613
1550
1558
1566
1574
1582
1590
1598
1606
1614
1551
1559
1567
1575
1583
1591
1599
1607
1615
1616
1624
1632
1640
1648
1656
1664
1672
1680
1617
1625
1633
1641
1649
1657
1665
1673
1681
1618
1626
1634
1642
1650
1658
1666
1674
1682
1619
1627
1635
1643
1651
1659
1667
1675
1683
1620
1628
1636
1644
1652
1660
1668
1676
1684
1621
1629
1637
1645
1653
1661
1669
1677
1685
1622
1630
1638
1646
1654
1662
1670
1678
1686
1623
1631
1639
1647
1655
1663
1671
1679
1687
1688
1696
1704
1712
1720
1728
1736
1744
1752
1689
1697
1705
1713
1721
1729
1737
1745
1753
1690
1698
1706
1714
1722
1730
1738
1746
1754
1691
1699
1707
1715
1723
1731
1739
1747
1755
1692
1700
1708
1716
1724
1732
1740
1748
1756
1693
1701
1709
1717
1725
1733
1741
1749
1757
1694
1702
1710
1718
1726
1734
1742
1750
1758
1695
1703
1711
1719
1727
1735
1743
1751
1759
1776
1784
1792
1800
1808
1816
1824
1832
1840
1777
1785
1793
1801
1809
1817
1825
1833
1841
1778
1786
1794
1802
1810
1818
1826
1834
1842
1779
1787
1795
1803
1811
1819
1827
1835
1843
1780
1788
1796
1804
1812
1820
1828
1836
1844
1781
1789
1797
1805
1813
1821
1829
1837
1845
1782
1790
1798
1806
1814
1822
1830
1838
1846
1783
1791
1799
1807
1815
1823
1831
1839
1847
1848
1856
1864
1872
1880
1888
1896
1904
1912
1849
1857
1865
1873
1881
1889
1897
1905
1913
1850
1858
1866
1874
1882
1890
1898
1906
1914
1851
1859
1867
1875
1883
1891
1899
1907
1915
1852
1860
1868
1876
1884
1892
1900
1908
1916
1853
1861
1869
1877
1885
1893
1901
1909
1917
1854
1862
1870
1878
1886
1894
1902
1910
1918
1855
1863
1871
1879
1887
1895
1903
1911
1919
1920
1928
1936
1944
1952
1960
1968
1976
1984
1921
1929
1937
1945
1953
1961
1969
1977
1985
1922
1930
1938
1946
1954
1962
1970
1978
1986
1923
1931
1939
1947
1955
1963
1971
1979
1987
1924
1932
1940
1948
1956
1964
1972
1980
1988
1925
1933
1941
1949
1957
1965
1973
1981
1989
1926
1934
1942
1950
1958
1966
1974
1982
1990
1927
1935
1943
1951
1959
1967
1975
1983
1991
1992
2000
2008
2016
2024
2032
2040
2048
2056
1993
2001
2009
2017
2025
2033
2041
2049
2057
1994
2002
2010
2018
2026
2034
2042
2050
2058
1995
2003
2011
2019
2027
2035
2043
2051
2059
1996
2004
2012
2020
2028
2036
2044
2052
2060
1997
2005
2013
2021
2029
2037
2045
2053
2061
1998
2006
2014
2022
2030
2038
2046
2054
2062
1999
2007
2015
2023
2031
2039
2047
2055
2063
2064
2072
2080
2088
2096
2104
2112
2120
2128
2065
2073
2081
2089
2097
2105
2113
2121
2129
2066
2074
2082
2090
2098
2106
2114
2122
2130
2067
2075
2083
2091
2099
2107
2115
2123
2131
2068
2076
2084
2092
2100
2108
2116
2124
2132
2069
2077
2085
2093
2101
2109
2117
2125
2133
2070
2078
2086
2094
2102
2110
2118
2126
2134
2071
2079
2087
2095
2103
2111
2119
2127
2135
2136
2144
2152
2160
2168
2176
2184
2192
2200
2137
2145
2153
2161
2169
2177
2185
2193
2201
2138
2146
2154
2162
2170
2178
2186
2194
2202
2139
2147
2155
2163
2171
2179
2187
2195
2203
2140
2148
2156
2164
2172
2180
2188
2196
2204
2141
2149
2157
2165
2173
2181
2189
2197
2205
2142
2150
2158
2166
2174
2182
2190
2198
2206
2143
2151
2159
2167
2175
2183
2191
2199
2207
2208
2216
2224
2232
2240
2248
2256
2264
2272
2209
2217
2225
2233
2241
2249
2257
2265
2273
2210
2218
2226
2234
2242
2250
2258
2266
2274
2211
2219
2227
2235
2243
2251
2259
2267
2275
2212
2220
2228
2236
2244
2252
2260
2268
2276
2213
2221
2229
2237
2245
2253
2261
2269
2277
2214
2222
2230
2238
2246
2254
2262
2270
2278
2215
2223
2231
2239
2247
2255
2263
2271
2279
2280
2288
2296
2304
2312
2320
2328
2336
2344
2281
2289
2297
2305
2313
2321
2329
2337
2345
2282
2290
2298
2306
2314
2322
2330
2338
2346
2283
2291
2299
2307
2315
2323
2331
2339
2347
2284
2292
2300
2308
2316
2324
2332
2340
2348
2285
2293
2301
2309
2317
2325
2333
2341
2349
2286
2294
2302
2310
2318
2326
2334
2342
2350
2287
2295
2303
2311
2319
2327
2335
2343
2351
