-0.013410791754722595
-0.34250542521476746
-0.24798737466335297
-0.11439020931720734
-0.28694841265678406
-0.009908179752528667
-0.4498158395290375
-0.010141706094145775
-0.455899715423584
-0.26081469655036926
-0.5457477569580078
-0.5291200280189514
-0.51450115442276
-0.325453519821167
-0.5391809940338135
-0.037728164345026016
-0.2554982900619507
-0.3933417499065399
-0.20197302103042603
-0.014686517417430878
-0.2304493486881256
-0.42367294430732727
-0.4331156015396118
-0.22967317700386047
-0.23022004961967468
-0.38714301586151123
-0.33653590083122253
-0.49924787878990173
-0.3429240882396698
-0.2838756740093231
-0.257826030254364
-0.5810763835906982
-0.5024262070655823
-0.4341195523738861
-0.030405081808567047
-0.37228572368621826
-0.43517616391181946
-0.39371299743652344
-0.3637593686580658
-0.3823416829109192
-0.409332275390625
-0.5675989985466003
-0.4812694787979126
-0.3653355836868286
-0.8239600658416748
-0.4305257499217987
-0.34098830819129944
-0.533934473991394
-0.4451989233493805
-0.5418527722358704
-0.45483553409576416
-0.015430883504450321
-0.41081273555755615
-0.3672586679458618
-0.3382151126861572
-0.33715081214904785
-0.3911353349685669
-0.3857131898403168
-0.33861419558525085
-0.43885913491249084
-0.34396132826805115
-0.3814285397529602
-0.363255113363266
-0.3408430814743042
-0.40995559096336365
-0.399478942155838
-0.28119155764579773
-0.14159364998340607
-0.19704245030879974
-0.32198697328567505
-0.32875901460647583
-0.3590601980686188
-0.228610098361969
-0.40883779525756836
-0.3776352107524872
-0.44118908047676086
-0.42745691537857056
-0.5333496332168579
-0.4146119952201843
-0.30968788266181946
-0.27785930037498474
-0.5177416205406189
-0.007726490031927824
-0.22004877030849457
-0.3014627695083618
-0.27333223819732666
-0.2811683714389801
-0.32305243611335754
-0.3921879529953003
-0.4847869277000427
-0.3897339701652527
-0.3423355221748352
-0.1746562123298645
0.4191232919692993
-0.26868849992752075
-0.4305485785007477
-0.5945734977722168
-0.36013656854629517
-0.3836232125759125
-0.46590766310691833
-0.2901647388935089
-0.2951207756996155
-0.3863331079483032
-0.40592706203460693
-0.47738078236579895
-0.36722251772880554
-0.2815515398979187
-0.2839953899383545
-0.4378373622894287
-0.3892368972301483
-0.2844265401363373
-0.5358639359474182
-0.28221556544303894
-0.3218100666999817
-0.44549304246902466
-0.012948209419846535
-0.20201435685157776
-0.29355937242507935
-0.336725115776062
-0.5311166048049927
-0.5375339388847351
-0.00470961956307292
-0.3975065350532532
-0.20594017207622528
-0.3353629410266876
-0.06676872074604034
-0.39079833030700684
-0.23893801867961884
-0.008421487174928188
-0.44422125816345215
-0.5062512755393982
-0.018195906654000282
-0.3805108070373535
-0.2720385789871216
-0.3695715069770813
-0.03571523725986481
-0.4181276857852936
-0.5905206203460693
-0.3604559600353241
-0.37684062123298645
-0.21626561880111694
-0.20716719329357147
-0.20951297879219055
-0.29912999272346497
-0.012444044463336468
-0.29161345958709717
-0.5165422558784485
-0.3089369535446167
-0.42364680767059326
-0.5704514384269714
-0.4645460546016693
-0.5132335424423218
-0.2959522604942322
-0.387988805770874
-0.5375963449478149
-0.7116926908493042
-0.29368314146995544
-0.11419469863176346
-0.35154014825820923
-0.025047503411769867
-0.39972296357154846
-0.4170319437980652
-0.5912413597106934
-0.450412392616272
-0.4775819480419159
-0.48288947343826294
-0.35506609082221985
-0.3274829089641571
-0.3870601952075958
-0.5165222883224487
-0.40038537979125977
-0.06370961666107178
-0.38398078083992004
-0.02238280698657036
-0.2513735890388489
-0.3311406970024109
-0.05169228836894035
-0.19559553265571594
-0.3629817068576813
-0.45905542373657227
-0.37532806396484375
-0.0070828720927238464
-0.29039785265922546
-0.02708088606595993
-0.002894073724746704
-0.24147793650627136
-0.0052534244023263454
-0.4120713174343109
-0.6794251203536987
-0.4575043320655823
-0.023793794214725494
-0.5476898550987244
-0.4964042007923126
-0.43398040533065796
-0.4068198502063751
-0.12170926481485367
-0.26074206829071045
-0.3200426697731018
-0.40570393204689026
-0.026227544993162155
-0.3128760755062103
-0.24452699720859528
-0.41362887620925903
-0.1175180971622467
0.10872025787830353
-0.3529260456562042
-0.5557052493095398
-0.43438464403152466
-0.2648773193359375
-0.44013455510139465
-0.2603282630443573
0.34928902983665466
-0.04236640781164169
-0.3694562017917633
-0.43875938653945923
-0.019872253760695457
-0.28545573353767395
-0.13324689865112305
-0.3693625330924988
-0.23783640563488007
-0.5495467782020569
-0.1253260374069214
-0.2671409249305725
-0.3222782015800476
-0.3156690001487732
-0.09646619856357574
-0.6107199788093567
-0.4127639830112457
-0.6939949989318848
-0.2791435420513153
-0.33936962485313416
-0.021590445190668106
-0.015794211998581886
-0.28053009510040283
-0.014566296711564064
-0.005602015182375908
-0.01637963019311428
-0.011114967986941338
-0.31135842204093933
-0.014254981651902199
-0.34924668073654175
-0.3216412663459778
-0.36429762840270996
-0.23502115905284882
-0.3356448709964752
-0.013222329318523407
-0.15598610043525696
-0.39191293716430664
-0.37688302993774414
-0.018041040748357773
-0.42430439591407776
-0.3864477276802063
-0.19127269089221954
-0.38169485330581665
-0.486258864402771
-0.5497366786003113
