-0.7784583568572998
-1.245155692100525
-1.0587804317474365
-0.07625382393598557
-0.4985086917877197
0.0029053681064397097
-0.989784836769104
-1.33364999294281
-0.9524790644645691
-0.8410285711288452
0.7761688828468323
0.4366806149482727
-0.7880368232727051
-0.4698936939239502
-0.23024769127368927
0.00773622328415513
-0.34779617190361023
-0.40667468309402466
-0.26393821835517883
-1.063751459121704
-0.9833520650863647
-1.0431678295135498
-1.209593653678894
-0.0024979764129966497
0.19926844537258148
0.35712069272994995
0.6610706448554993
-0.5641446113586426
0.8245793581008911
1.108885645866394
0.3976154327392578
-0.03392421081662178
1.3396543264389038
-0.9458565711975098
-0.7699288725852966
0.9874473810195923
0.2868020832538605
1.3526114225387573
-0.0017299649771302938
-0.8961876034736633
0.7203938961029053
-0.048354536294937134
-0.8599644303321838
-0.9144061803817749
-0.878554105758667
-0.9169962406158447
-1.3849810361862183
0.5017566084861755
-1.8382720947265625
-0.4608270525932312
0.38841575384140015
1.1358544826507568
1.5641778707504272
0.002871573204174638
-1.1505260467529297
1.1207984685897827
-1.0827728509902954
-0.9865443110466003
0.21327035129070282
0.7375392317771912
0.965272843837738
-1.105747103691101
0.17301781475543976
0.1580265909433365
-0.0022723153233528137
-0.6471830010414124
1.3093029260635376
0.6874282360076904
-0.9776836037635803
-0.8271041512489319
-1.126952886581421
1.1884194612503052
0.6126641035079956
0.8394390940666199
-1.0319503545761108
-0.12573860585689545
-0.6508629322052002
0.8524971008300781
1.5106736421585083
-1.1230725049972534
0.9047331213951111
-0.9958155155181885
1.7476764917373657
0.6544228196144104
-0.6611798405647278
-0.25671976804733276
0.0014685285277664661
1.224326252937317
-1.3193143606185913
1.0653607845306396
1.111379623413086
1.6966530084609985
0.5088523030281067
-1.1241674423217773
-0.37815630435943604
-0.5117893218994141
0.925092875957489
-0.9093869924545288
-0.7892395257949829
-0.005521893966943026
1.0383225679397583
0.7798128724098206
-0.8546887636184692
1.092781901359558
-0.393972784280777
0.0016042679781094193
-0.8147653341293335
-1.212127685546875
0.9192603230476379
1.1100553274154663
1.2451395988464355
0.39215099811553955
-1.07656729221344
-0.003151565557345748
0.7992233037948608
-1.1977674961090088
-0.01689263805747032
-1.325527548789978
0.9743459820747375
0.7415254712104797
0.9451229572296143
-0.7918480038642883
-0.7659927606582642
0.8031108975410461
2.6111724376678467
-1.1983685493469238
1.7314496040344238
-0.9587968587875366
