-0.17701376974582672
-0.06179612874984741
0.029227226972579956
-0.04008849337697029
-0.20748193562030792
-0.16043606400489807
0.01835237443447113
-0.21068473160266876
-0.22721821069717407
-0.10702041536569595
-0.08143799751996994
-0.018400494009256363
-0.04361863434314728
-0.1353534758090973
-0.1257079690694809
0.06453444808721542
0.13948796689510345
-0.03170758858323097
0.17196092009544373
0.12699146568775177
-0.12914197146892548
-0.191849485039711
0.10767649114131927
0.1618776023387909
0.08764912933111191
-0.009218819439411163
-0.16735483705997467
-0.11016029119491577
0.20546115934848785
0.07371050119400024
-0.2579748034477234
0.08924044668674469
0.10511521250009537
-0.14666876196861267
-0.11068768799304962
0.08741492033004761
0.10261514037847519
-0.13788631558418274
-0.10217973589897156
0.034776922315359116
-0.08413758128881454
0.1525135487318039
-0.19347460567951202
0.03264826536178589
0.3562539517879486
-0.12243028730154037
0.13739992678165436
-0.09683284163475037
-0.15481388568878174
0.2005465030670166
0.0853060632944107
-0.1282520443201065
0.14861930906772614
-0.19587044417858124
-0.22036735713481903
0.1552257388830185
-0.166540265083313
0.10914712399244308
0.07662394642829895
-0.04650961980223656
0.08573316782712936
-0.20494599640369415
-0.19930122792720795
0.19475094974040985
-0.12244629114866257
-0.17443783581256866
0.006791890598833561
-0.1536092758178711
-0.15360550582408905
-0.019367385655641556
-0.11496710777282715
0.11921805888414383
0.008353028446435928
-0.15165531635284424
0.14291533827781677
-0.005365664605051279
-0.012209885753691196
0.19196957349777222
0.1870357245206833
0.005012318957597017
0.03935526683926582
0.1951487511396408
-0.1310776025056839
0.1792696863412857
-0.18784573674201965
-0.0551021434366703
-0.14070668816566467
0.1148291528224945
-0.04618837684392929
0.20788989961147308
0.12427850067615509
-0.15993088483810425
-0.09326430410146713
-0.17443867027759552
0.21746675670146942
0.04541148245334625
-0.13046953082084656
-0.0011870102025568485
-0.037724819034338
0.1406388282775879
0.15957732498645782
0.11484133452177048
-0.15828292071819305
0.1771555244922638
0.16609930992126465
0.21095675230026245
0.034938231110572815
0.22131983935832977
0.25935623049736023
0.1670568883419037
0.1400839388370514
0.07829203456640244
0.10933879762887955
0.10573434084653854
0.16095972061157227
-0.17340195178985596
-0.1350167989730835
0.08243366330862045
-0.06101161614060402
0.08733417838811874
0.10741505771875381
0.2964729070663452
0.1743895262479782
-0.21015788614749908
0.009949352592229843
0.09342021495103836
0.09012991935014725
0.0605708472430706
0.12699684500694275
0.12296424061059952
-0.13910304009914398
-0.03410563990473747
0.027407174929976463
0.13526111841201782
-0.17816142737865448
0.11818525195121765
-0.2106669396162033
-0.2577773928642273
-0.018550679087638855
-0.14064371585845947
-0.17032872140407562
-0.09236910194158554
-0.15114088356494904
0.1266358643770218
0.10336413234472275
-0.11672709137201309
0.16842995584011078
0.10726139694452286
0.1981172263622284
0.08017908036708832
-0.2104799598455429
0.07327041029930115
-0.14144639670848846
0.04843626171350479
-0.01914149336516857
-0.08868478238582611
0.1272679716348648
0.0012941919267177582
-0.1280413717031479
0.025109129026532173
-0.11121325194835663
0.2133004367351532
-0.06866955757141113
-0.07705081254243851
-0.11027709394693375
0.2509527802467346
0.09634552896022797
0.18443647027015686
0.2295154482126236
-0.29990154504776
-0.1926761418581009
-0.1371261328458786
0.04049120470881462
-0.004160285461694002
-0.12750861048698425
-0.15197595953941345
-0.2716900706291199
0.19277890026569366
0.33035048842430115
-0.16165652871131897
-0.20366494357585907
0.029678544029593468
-0.13175588846206665
-0.15274032950401306
-0.15320706367492676
-0.13762213289737701
-0.005063112825155258
-0.012354076839983463
0.15209601819515228
-0.04866613447666168
0.21910208463668823
0.15080906450748444
0.19761192798614502
-0.24484825134277344
0.06494281440973282
0.05702716112136841
0.03481389954686165
-0.09392260760068893
0.2403004765510559
-0.17225244641304016
0.11755131930112839
0.03324685990810394
-0.03473949432373047
0.35584861040115356
-0.014443487860262394
-0.13539445400238037
-0.20869408547878265
-0.008135158568620682
0.12483421713113785
-0.05039883032441139
0.16669335961341858
0.2246336191892624
0.16661426424980164
0.13785333931446075
-0.01053567510098219
0.21897810697555542
0.017683163285255432
0.10407423973083496
0.1319899559020996
0.06576984375715256
-0.00505758635699749
0.15963880717754364
0.08507665246725082
-0.01991262473165989
-0.23403805494308472
0.027499958872795105
0.020598312839865685
-0.08721698820590973
-0.20626623928546906
-0.01305976789444685
-0.02443741261959076
0.0072306981310248375
-0.0040102191269397736
0.17824473977088928
0.02150348201394081
-0.33045777678489685
0.4005680978298187
0.09462609142065048
0.07638633251190186
-0.13246305286884308
0.284191370010376
-0.02294379472732544
-0.05745059251785278
0.03713635355234146
-0.12380499392747879
0.05910436809062958
-0.14985927939414978
-0.17384393513202667
-0.17550665140151978
0.5619200468063354
-0.21565985679626465
-0.3160664439201355
-0.15747323632240295
-0.22456619143486023
-0.18418394029140472
-0.009205603040754795
