0.09053131192922592
0.05651427432894707
0.027673091739416122
0.005090672522783279
0.07435385882854462
0.07827910780906677
0.03573145717382431
0.07193057984113693
0.03493943437933922
0.07518264651298523
0.04945213720202446
0.05102076008915901
0.06337743252515793
0.08124684542417526
0.06769855320453644
0.059654440730810165
0.05409900099039078
0.044530801475048065
0.04985532909631729
0.06919490545988083
0.06839104741811752
0.036741629242897034
0.05771913379430771
0.0570150725543499
0.06049349159002304
0.00015107681974768639
0.07697177678346634
0.05723774805665016
0.07251821458339691
0.051735974848270416
0.06762056052684784
0.07630530744791031
0.03620661795139313
0.06792178004980087
0.0638972669839859
0.04385823383927345
0.05826806649565697
0.07781130075454712
0.05175327509641647
0.09295579046010971
0.0352882444858551
0.05602462589740753
0.05471882224082947
0.03297644108533859
0.10242731869220734
0.06857292354106903
0.06782373040914536
0.06507234275341034
0.0743689090013504
0.058207541704177856
0.056986741721630096
0.0603429414331913
0.06468021869659424
0.10906647145748138
0.04070855677127838
0.07996724545955658
0.09140342473983765
0.06109144911170006
0.061265453696250916
0.07058265805244446
0.04555850476026535
0.07242996990680695
0.06140201538801193
0.05336447432637215
0.07161173224449158
0.06664234399795532
8.652184624224901e-05
0.06072736531496048
0.05172845721244812
0.008087540976703167
0.05811958387494087
0.0749427080154419
0.00046415472752414644
0.028097692877054214
0.05943784490227699
0.0001703931629890576
0.0025065597146749496
0.09789027273654938
0.11002464592456818
0.0003093165287282318
0.04337342083454132
0.08238747715950012
0.060373276472091675
0.07049620151519775
0.044948965311050415
0.043826717883348465
0.07825668901205063
0.054993025958538055
0.042679283767938614
0.07641901075839996
0.0654100701212883
0.04856297746300697
0.04546920210123062
0.11249438673257828
0.08831953257322311
0.028720403090119362
0.0534113310277462
3.678675784613006e-05
0.006223598495125771
0.0629994198679924
0.05838606879115105
0.06815478205680847
0.07574454694986343
0.06859347969293594
0.07948720455169678
0.08827608078718185
0.05030089616775513
0.0751442015171051
0.08966076374053955
0.10535752028226852
0.061387836933135986
0.06353992223739624
0.06394001096487045
0.05418337509036064
0.07603525370359421
0.08081015944480896
0.11115705966949463
0.03609331697225571
0.058964457362890244
0.0633922889828682
0.020822998136281967
0.11414089053869247
0.07685395330190659
0.0880327895283699
0.0656934455037117
0.08527717739343643
0.061047885566949844
0.008609401993453503
0.0722886323928833
0.07812274247407913
0.06234874576330185
0.06028271093964577
0.045130543410778046
0.06024615839123726
0.0789354145526886
0.08345898240804672
0.09838695079088211
0.09078340977430344
0.050150010734796524
0.04444239288568497
0.07430117577314377
0.07360721379518509
0.06486540287733078
0.0820794478058815
0.0275520458817482
0.05597729980945587
0.04892198368906975
0.06440578401088715
0.07198294252157211
0.05918686091899872
0.05724935606122017
0.06650546938180923
0.11630461364984512
0.050176896154880524
0.052402425557374954
0.04635327309370041
0.058330755680799484
2.4523633328499272e-05
0.04919113591313362
0.0778621956706047
0.05631684511899948
0.08884898573160172
0.030975596979260445
0.055748362094163895
0.04162297397851944
0.0666780099272728
0.04994312301278114
0.06437169015407562
0.08272548019886017
0.09940873086452484
0.07436058670282364
0.06517576426267624
0.06732870638370514
0.07763861119747162
0.08325226604938507
0.03518826887011528
0.08710324019193649
0.061172965914011
0.11024203896522522
0.07214978337287903
0.12012700736522675
0.047741878777742386
0.09456266462802887
0.07658382505178452
0.08019381761550903
0.03791050240397453
0.000532866979483515
0.017677461728453636
0.07977472245693207
0.0661788359284401
0.08095227181911469
0.07638753205537796
0.0744151622056961
0.0731726884841919
0.06909830868244171
0.06522377580404282
0.07334493845701218
0.05528976395726204
0.1073257252573967
0.07442326843738556
0.07009781897068024
0.05662723258137703
0.04590681567788124
0.14308114349842072
0.001634425250813365
0.05248820036649704
0.05560296028852463
5.3021340136183426e-05
0.061077818274497986
0.05996208265423775
0.07721386104822159
0.06510729342699051
0.07657336443662643
0.07481993734836578
3.3954307582462206e-05
0.06927759945392609
0.048540640622377396
0.06114049628376961
0.05820263922214508
0.03140607476234436
0.0005617341957986355
0.10481283068656921
0.06098043918609619
0.0005760273197665811
0.04813728854060173
0.04744751378893852
0.007240572478622198
0.018963785842061043
0.07192393392324448
0.05680040642619133
0.06291673332452774
0.008677374571561813
0.0032157686073333025
0.11084457486867905
0.004500734154134989
0.07306330651044846
0.10319849103689194
0.06860754638910294
0.04048991575837135
0.04968604817986488
0.07677406072616577
0.03089638613164425
0.0925874188542366
0.05012008920311928
0.053254660218954086
0.006553339771926403
0.05880332738161087
0.07816731184720993
0.07256057858467102
0.048148270696401596
0.04797991365194321
0.07219594717025757
0.07576259970664978
0.09305423498153687
0.06640482693910599
3.4373788366792724e-05
