-0.014357896521687508
-0.26139020919799805
-0.0924612283706665
0.025820277631282806
-0.09579494595527649
-0.016908032819628716
0.1357382982969284
-0.0031436660792678595
0.0615488663315773
0.5279497504234314
0.2720147669315338
0.23805950582027435
0.21422608196735382
0.509321391582489
0.398162841796875
0.004991400521248579
-0.6471388339996338
-0.3599478006362915
0.08630765229463577
0.0071442448534071445
-0.34998396039009094
0.6309939026832581
0.21782220900058746
0.23071259260177612
-0.4910494387149811
-0.08396918326616287
0.015699343755841255
0.5334590673446655
0.1959429830312729
0.12388143688440323
-0.051466770470142365
-0.3440617620944977
-0.32175928354263306
0.11983832716941833
-0.015075410716235638
0.188269704580307
-0.20480430126190186
-0.38824015855789185
-0.06881428509950638
0.357074499130249
0.19958460330963135
0.24945281445980072
1.0014548301696777
0.3113226592540741
0.21216556429862976
0.21263501048088074
0.26078030467033386
0.25558072328567505
0.049525439739227295
0.2762101888656616
0.35973498225212097
-0.0042486293241381645
0.21074555814266205
-0.06669633835554123
0.22110968828201294
-0.2514565885066986
0.013879814185202122
-0.19253990054130554
-0.4967767298221588
-0.15260690450668335
0.36226165294647217
0.35833197832107544
-0.05508452653884888
-0.1658206582069397
-0.396133691072464
-0.2272743582725525
-0.11842856556177139
-0.25531014800071716
0.2449459582567215
0.23839178681373596
-0.3379760682582855
-0.11286718398332596
0.2043982595205307
0.23277360200881958
0.2529730498790741
0.02253635786473751
0.26818937063217163
0.4693025052547455
-0.17623166739940643
-0.2249900847673416
-0.41847801208496094
0.24573887884616852
-0.010610906407237053
0.10568729788064957
-0.2157384753227234
0.11945448815822601
-0.19679513573646545
-0.04032014682888985
0.10861741006374359
-0.16805675625801086
-0.35105958580970764
-0.40018272399902344
0.36056727170944214
0.01330618467181921
-0.32572075724601746
-0.27301105856895447
-0.29390743374824524
-0.3707083463668823
-0.2852931022644043
-0.14983899891376495
0.12464325875043869
0.25356602668762207
0.21190379559993744
0.24879200756549835
0.12082220613956451
-0.2918378710746765
-0.30388420820236206
0.24446642398834229
0.2888067960739136
0.15247273445129395
-0.04843256622552872
0.20720785856246948
-0.29160788655281067
-0.18227922916412354
-0.3054178059101105
-0.0016253507928922772
-0.06211017817258835
-0.0019750124774873257
-0.1231548935174942
0.259039044380188
0.3473670780658722
-0.00010984670370817184
0.2835787534713745
-0.05853789299726486
-0.1775374412536621
0.04224580526351929
-0.24473845958709717
-0.22483079135417938
-0.01009181048721075
-0.10158167034387589
-0.22570094466209412
-0.006550460588186979
0.14188341796398163
0.08450625836849213
-0.20774056017398834
-0.012747232802212238
0.20872874557971954
0.4720919132232666
-0.033632438629865646
-0.053534481674432755
-0.32869890332221985
-0.058505140244960785
0.020020270720124245
0.058244891464710236
0.016933511942625046
0.026672182604670525
0.4534881114959717
0.18398931622505188
0.1481200009584427
0.38782915472984314
-0.2863989472389221
-0.39389142394065857
-0.16503994166851044
0.27572017908096313
0.4473698139190674
0.2618088126182556
-0.16349586844444275
1.8279913663864136
-0.2850828468799591
-0.004157968796789646
0.16492126882076263
-0.16887854039669037
-0.09782414138317108
-0.40860041975975037
-0.4007035195827484
-0.46292567253112793
-0.2316836565732956
-0.2182319164276123
-0.28034138679504395
-0.3923403322696686
-0.15397289395332336
-0.05610249564051628
-0.2957156300544739
0.2909856140613556
0.3077599108219147
0.20368507504463196
-0.0193924717605114
-0.27542752027511597
0.24689701199531555
0.2090330868959427
-0.07669699937105179
-0.004733576904982328
0.20421496033668518
-0.012816222384572029
0.007380026858299971
0.08405592292547226
-0.011810459196567535
-0.3404041826725006
-0.2884117066860199
0.1320336014032364
0.0034713849890977144
0.5581536889076233
-0.27526840567588806
0.36560067534446716
0.1983872652053833
-0.019739273935556412
0.4943076968193054
0.31361690163612366
-0.19039997458457947
0.010411438532173634
0.1045573353767395
0.08147663623094559
0.39406993985176086
0.06993451714515686
-0.09830228239297867
-0.18946516513824463
0.2537056803703308
-0.1584678590297699
0.19813965260982513
-0.3861124813556671
0.17488637566566467
0.18905648589134216
-0.27721408009529114
0.15573202073574066
0.18589389324188232
0.0001655178057262674
0.0012799894902855158
-0.06293601542711258
0.13321071863174438
-0.08876379579305649
0.1896517276763916
-0.12138781696557999
-0.5447656512260437
-0.30224505066871643
0.12354106456041336
-0.03002239391207695
-0.2963825464248657
0.1802566796541214
1.4417269229888916
-0.2029619812965393
-0.35751187801361084
0.010426489636301994
-0.00041384773794561625
-0.014384971000254154
-0.01404911745339632
-0.0014842567034065723
0.007842529565095901
-0.028320953249931335
-0.30142951011657715
0.02168622985482216
-0.010769804008305073
-0.02574617974460125
-0.18598350882530212
-0.18340027332305908
0.2560890316963196
0.013016539625823498
-0.031097477301955223
0.33298516273498535
-0.24493254721164703
0.01398444827646017
-0.01697061024606228
-0.1108916625380516
0.003648052690550685
-0.2597883343696594
-0.2576185166835785
-0.07875705510377884
