0.1452491134405136
-0.15275678038597107
0.006078323349356651
-0.02717420645058155
-0.11012892425060272
-0.04771155118942261
-0.1644798368215561
-0.04768221452832222
-0.06823870539665222
-0.22515133023262024
-0.09571230411529541
0.18483036756515503
0.15652745962142944
-0.13244329392910004
0.12504075467586517
-0.4104386866092682
0.03649318218231201
-0.0184110626578331
-0.03979931399226189
0.020183470100164413
-0.0005846649291925132
-0.04675871878862381
0.19618983566761017
-0.22726227343082428
0.15643560886383057
-0.2729286253452301
0.16896183788776398
0.021484319120645523
0.05534960702061653
-0.2062302529811859
0.049292102456092834
-0.0412864051759243
