0.03191547468304634
4.1494415199849755e-05
0.02673063799738884
0.04913100600242615
3.626689931479632e-06
4.1184666770277545e-05
0.028987525030970573
2.6980333132087253e-05
0.01316902320832014
0.019854336977005005
0.02171439677476883
0.07886477559804916
0.020001742988824844
0.03339764103293419
0.05283775180578232
0.02709505520761013
0.03811515122652054
1.5483492461498827e-05
0.0005813422030769289
1.4467796063399874e-05
0.0032150803599506617
2.1690191715606488e-05
0.026447968557476997
0.009790454991161823
5.534918273042422e-06
0.007106534671038389
0.006198344752192497
0.007177772466093302
0.004341524094343185
0.036007001996040344
0.032162200659513474
0.019253980368375778
0.04466751962900162
0.027190037071704865
4.867071402259171e-05
0.0325319729745388
0.021907703951001167
2.8699265385512263e-05
0.0643283873796463
0.009001307189464569
0.0028600692749023438
0.0037255757488310337
0.027859607711434364
3.259723598603159e-05
0.023055393248796463
0.01806824468076229
1.057283498084871e-06
0.008737030439078808
0.02920709364116192
7.984583135112189e-06
0.012162260711193085
0.03693750128149986
0.011123367585241795
0.00297256070189178
9.379827133670915e-06
2.03833551495336e-05
0.01591661013662815
4.488079866860062e-05
0.01820782758295536
0.032044101506471634
0.004131913185119629
2.223661977041047e-05
0.022702351212501526
0.0011542218271642923
6.194621528265998e-05
4.890483251074329e-05
5.1752376748481765e-05
5.2740713726961985e-05
1.7699769159662537e-05
0.004052744712680578
2.840289380401373e-05
7.873785943957046e-05
0.00152958941180259
3.401000867597759e-05
0.00292550609447062
0.02432709001004696
3.589125844882801e-05
0.00014157801342662424
5.7708180975168943e-05
1.581766628078185e-05
0.06256237626075745
3.803518120548688e-05
0.02120267227292061
0.0009257885976694524
0.05331039056181908
0.09978140145540237
9.020694415085018e-05
0.0018496180418878794
0.001634270534850657
0.002958746626973152
0.0002070397895295173
0.02925110049545765
8.752207941142842e-05
0.00010259124974254519
0.0002614899422042072
8.495982910972089e-05
7.487365655833855e-05
0.00010217905946774408
0.2733258306980133
1.8284981706528924e-05
3.60114972863812e-05
5.836994751007296e-05
1.7541233319207095e-05
2.1489138816832565e-05
2.656177821336314e-05
2.5826397177297622e-05
1.546823295939248e-05
3.498193473205902e-05
0.003776201279833913
9.03215550351888e-05
3.772314448724501e-05
0.015310807153582573
0.00046986411325633526
0.013105700723826885
0.0018654755549505353
3.725384522113018e-05
0.02525055967271328
4.8753790906630456e-05
3.3741867810022086e-05
0.010163088329136372
2.1353376723709516e-05
3.7043759220978245e-05
2.4530170776415616e-05
3.9331895095529035e-05
2.9094817364239134e-05
0.007913829758763313
2.790700636978727e-05
1.2488865650084335e-05
