-0.07382649928331375
-0.1680087000131607
-0.37701117992401123
0.04951374605298042
-0.22611279785633087
-0.24709878861904144
-0.27974826097488403
-0.368116557598114
-0.25433868169784546
-0.42471185326576233
-0.4866515100002289
-0.3349527418613434
-0.04787183552980423
-0.18988384306430817
-0.10291159898042679
0.19992463290691376
-0.7027602791786194
-0.2540399432182312
-0.7077460885047913
-0.22193311154842377
-0.40000465512275696
-0.45574769377708435
-0.500723659992218
-0.3715406656265259
-0.028234830126166344
-0.04162638261914253
0.12797579169273376
-0.03138796240091324
-0.5230467915534973
-0.2898710370063782
-0.20164790749549866
-0.2171805202960968
-0.15277065336704254
-0.03937342390418053
-0.4074245095252991
0.08506514877080917
-0.3946428596973419
-0.1563364416360855
-0.543051540851593
-0.0031087305396795273
-0.3361814618110657
-0.1670478880405426
-0.8100349307060242
-0.021327124908566475
-0.1338113397359848
-0.261498361825943
-0.517383873462677
-0.023259608075022697
-0.050317440181970596
0.288731187582016
-0.21093517541885376
-0.10854068398475647
0.04589390754699707
-0.046938877552747726
-0.4111897945404053
-0.011841089464724064
0.16728541254997253
-0.08059659600257874
-0.3396972715854645
-0.09197285771369934
0.025118106976151466
0.18218380212783813
0.011705913580954075
-0.04923393949866295
