-0.6267269253730774
0.08250859379768372
-0.08016551285982132
-0.29831644892692566
-0.010942064225673676
-0.43047454953193665
-0.5068005323410034
-0.27995243668556213
-0.014759298413991928
-0.23080334067344666
-0.29695671796798706
-0.41447776556015015
-0.3669153153896332
-0.12131021171808243
-0.26188230514526367
-0.026794150471687317
-0.3133798837661743
-0.3443368077278137
-0.13223129510879517
-0.20280122756958008
-0.27816739678382874
-0.42650020122528076
-0.23020097613334656
-0.25692251324653625
-0.3454751968383789
-0.4118783473968506
-0.3696676194667816
-0.14853830635547638
-0.049402493983507156
-0.1792961061000824
-0.0889883041381836
-0.36866849660873413
-0.14287209510803223
-0.3082965314388275
-0.17849452793598175
-0.3965666592121124
-0.42097699642181396
-0.07022067904472351
-0.032960399985313416
-0.31973573565483093
-0.4396413266658783
-0.26333728432655334
-0.4239515960216522
-0.3747234046459198
-0.21957120299339294
-0.28883376717567444
-0.41978898644447327
-0.267815500497818
-0.012920872308313847
-0.2969588339328766
-0.2657446265220642
-0.24045829474925995
-0.3628280758857727
-0.4604412317276001
-0.24404354393482208
-0.586500883102417
-0.13614146411418915
-0.24882009625434875
-0.081024669110775
-0.05270346626639366
-0.4324853718280792
-0.5051026940345764
-0.2449227124452591
-0.36446094512939453
-0.017485206946730614
-0.44288864731788635
-0.19186417758464813
-0.3208054304122925
-0.1995493769645691
-0.1812363862991333
-0.02948751300573349
-0.02334209717810154
-0.35411858558654785
-0.48120182752609253
-0.2540125846862793
-0.18079647421836853
-0.32785651087760925
-0.17521709203720093
-0.289081871509552
-0.34640830755233765
-0.46254289150238037
-0.150272399187088
-0.5697172284126282
0.8222694993019104
-0.1104428693652153
-0.422680526971817
-0.3456478416919708
-0.1740940660238266
-0.34398114681243896
-0.4216262996196747
-0.35545074939727783
-0.3861420750617981
-0.3237307369709015
-0.2050541639328003
-0.29779207706451416
-0.23268379271030426
-0.228048175573349
-0.3304178714752197
-0.27181532979011536
-0.2554462254047394
-0.40159013867378235
-0.3712175488471985
-0.3686027228832245
-0.2341262698173523
-0.2374822348356247
-0.33472582697868347
-0.27909955382347107
-0.5174129605293274
-0.2334008365869522
-0.30291107296943665
0.014981798827648163
-0.12758153676986694
-0.4126208424568176
-0.619575023651123
-0.6745477318763733
-0.07202558219432831
-0.27634018659591675
0.0528675876557827
-0.2269054651260376
-0.5237848162651062
-0.20963244140148163
-0.27992525696754456
-0.5618329048156738
-0.30078503489494324
-0.3599216341972351
-0.38451388478279114
-0.3758452832698822
-0.02564394101500511
