0.5602236390113831
0.19470782577991486
0.1477220356464386
0.4351039230823517
0.0038315632846206427
0.5409300923347473
-0.46146440505981445
-0.4956398606300354
-0.3307735323905945
0.4324534833431244
-0.3182072341442108
0.4954349398612976
0.6249623894691467
-0.20896925032138824
-0.4984220862388611
-0.02390960417687893
0.502785325050354
-0.5404946208000183
-0.37835803627967834
-0.3783798813819885
0.5294063091278076
0.621680736541748
0.4430605471134186
-0.42809081077575684
0.5632601976394653
-0.4464610815048218
-0.4938700199127197
-0.3830290138721466
-0.09617429971694946
0.4300765097141266
0.4393729865550995
-0.6276635527610779
-0.2599758207798004
0.37696710228919983
0.49893853068351746
0.5940834879875183
0.548596203327179
0.47931018471717834
0.003440100234001875
-0.6491835713386536
-0.39472517371177673
-0.3376427888870239
-0.5758315324783325
-0.4825417101383209
-0.45723533630371094
0.5050840377807617
-0.3475533723831177
-0.5097928047180176
0.012419220060110092
-0.43842363357543945
-0.5428512096405029
-0.5069834589958191
-0.5422685742378235
-0.6188274621963501
-0.37188059091567993
-0.6004508137702942
-0.19961604475975037
-0.46664443612098694
0.28636476397514343
0.044231534004211426
0.6251974105834961
-0.474010705947876
-0.46855491399765015
-0.5683678388595581
0.005322847981005907
-0.5681941509246826
-0.32421019673347473
-0.5454657673835754
-0.3722999393939972
-0.5415221452713013
-0.004841940477490425
-0.0029025557450950146
-0.36930051445961
-0.48215600848197937
-0.33909720182418823
0.60992830991745
0.39700308442115784
0.36780846118927
0.48077064752578735
0.4718575179576874
0.3791545033454895
0.5677602291107178
-0.6426080465316772
0.056486569344997406
-0.4808029234409332
-0.40268149971961975
0.4764997959136963
0.300382137298584
0.3541280925273895
0.5615966320037842
0.56996750831604
-0.5324056148529053
0.6693670153617859
-0.4519504904747009
-0.408826619386673
0.6794655919075012
0.5315568447113037
-0.36695122718811035
-0.4240097999572754
0.3651398718357086
-0.5564684867858887
0.3854278326034546
0.5454937815666199
0.35385724902153015
-0.6522687673568726
-0.4820239245891571
-0.5623906254768372
-0.6340681314468384
0.5571078658103943
0.45137858390808105
-0.4025490880012512
0.508689284324646
0.5699261426925659
-0.43153589963912964
-0.39484187960624695
0.4950048625469208
-0.5951077342033386
0.2973579466342926
0.2600967586040497
-0.5544188022613525
-0.3608570992946625
-0.37155839800834656
-0.6627800464630127
-0.5193178653717041
-0.5437638163566589
-0.6475656032562256
0.5994181036949158
0.4223901033401489
