0.03820272907614708
2.4496606783941388e-05
0.2086963951587677
0.3519133925437927
0.02758689783513546
0.0363362617790699
0.16349264979362488
0.18769896030426025
0.05132179707288742
0.1875515729188919
0.09097212553024292
0.3649674654006958
0.00020689427037723362
0.020420635119080544
0.01423498522490263
0.2517053782939911
0.19301840662956238
0.24174483120441437
0.03762464597821236
0.36618536710739136
0.17082561552524567
0.26235702633857727
0.288412481546402
0.3162118196487427
0.0005505505250766873
0.12758111953735352
0.18679170310497284
0.00021969759836792946
0.1069001629948616
0.2737196087837219
0.2553580701351166
0.028108440339565277
0.25762200355529785
0.000151546104461886
0.09019056707620621
0.13601231575012207
0.09469179809093475
0.18812651932239532
0.24754297733306885
0.14192144572734833
0.2014031708240509
0.2974984049797058
0.1765458732843399
0.000283116998616606
0.18263858556747437
0.02512705698609352
0.08707014471292496
0.0012005550088360906
0.1883671134710312
0.22217069566249847
0.17332462966442108
0.13212741911411285
0.22122016549110413
0.17547552287578583
0.10206884890794754
0.17059224843978882
0.20432721078395844
0.5238360166549683
0.20896077156066895
0.43172094225883484
0.6270024180412292
0.1309289187192917
0.49311619997024536
0.5333573222160339
