0.22426044940948486
0.020218947902321815
-0.6448447108268738
-0.6171006560325623
0.2965359687805176
-0.2726455628871918
0.5458918809890747
-0.5356564521789551
0.39285215735435486
-0.6626840233802795
-0.5554496645927429
0.5533326864242554
-0.03248155489563942
0.20966565608978271
0.19612468779087067
0.48771780729293823
0.69455885887146
-0.7057784795761108
0.433858722448349
0.7831120491027832
0.5713321566581726
0.7891315817832947
0.788117527961731
0.6913148760795593
0.014149104245007038
0.35793691873550415
0.4569997489452362
-0.00952182337641716
0.4949066638946533
0.6132164597511292
0.515506386756897
0.21556133031845093
0.5905044674873352
0.013690173625946045
0.4303646683692932
0.40500104427337646
0.4098929762840271
0.5099921226501465
0.7015370726585388
0.39472144842147827
-0.6135584712028503
-0.7021763324737549
0.8543713092803955
-8.228817750932649e-05
0.4768596589565277
0.2792107164859772
0.4895228445529938
0.003829770488664508
-0.4004831612110138
0.32707712054252625
-0.47989532351493835
0.39862576127052307
-0.40324074029922485
-0.36924585700035095
-0.57572340965271
-0.3146236538887024
0.2761853337287903
0.3230343461036682
0.7072997689247131
0.6620264649391174
0.9289276599884033
0.28314778208732605
0.5710420608520508
0.9657846689224243
