-8.47555160522461
1.4202708005905151
-9.380970001220703
6.012241840362549
1.2557536363601685
-0.25750455260276794
-8.469273567199707
-2.4882078170776367
-2.772932291030884
-0.8939987421035767
1.6819816827774048
-1.1537835597991943
1.7472081184387207
-1.3251736164093018
-4.248067855834961
-1.285225510597229
-0.6406247019767761
0.28363552689552307
-3.3015801906585693
0.8964537382125854
-3.5379350185394287
5.596197605133057
-1.0657786130905151
2.7542927265167236
1.4227941036224365
0.24045155942440033
-1.5261677503585815
-13.384153366088867
-1.0798454284667969
1.7072644233703613
-8.777950286865234
-5.408028602600098
