0.4234650433063507
0.42278558015823364
-0.29238399863243103
0.1535307914018631
0.4649692475795746
0.49896150827407837
-0.28175193071365356
0.5165450572967529
0.34902724623680115
0.4064592123031616
0.37905892729759216
0.3990630805492401
0.41986092925071716
0.3939342498779297
0.41700899600982666
0.3561773896217346
-0.36975544691085815
0.31604689359664917
-0.3480227589607239
-0.43768206238746643
0.41983333230018616
0.33262208104133606
-0.4761790931224823
-0.4072875678539276
-0.42214012145996094
-0.0037780958227813244
0.47391483187675476
0.35813742876052856
-0.4257444739341736
-0.39021992683410645
0.3607177734375
-0.4054778218269348
-0.32118895649909973
0.418390691280365
0.4173741340637207
-0.35836008191108704
-0.36081209778785706
0.40862008929252625
0.3483431935310364
-0.42770227789878845
0.3335241675376892
-0.3643520176410675
0.36955058574676514
-0.3478851318359375
-0.4172881841659546
0.4132121503353119
-0.3932577967643738
0.36635151505470276
0.4065700173377991
-0.3913227617740631
-0.38450852036476135
0.3825756907463074
-0.3536010980606079
0.40720710158348083
-0.19328348338603973
-0.4118327796459198
0.4237540662288666
-0.3504032790660858
-0.39624232053756714
0.4099678695201874
-0.3557707965373993
0.3516596555709839
0.3056269586086273
-0.3020351827144623
0.31778550148010254
0.4405042827129364
0.0028896017465740442
0.43429604172706604
0.3443976044654846
0.16471903026103973
-0.3384174704551697
-0.4507191479206085
-0.059652190655469894
0.29610922932624817
-0.5175647139549255
-0.021655039861798286
-0.13019785284996033
-0.36975154280662537
0.004328364972025156
0.051498524844646454
-0.3485320508480072
-0.4543912410736084
0.3820340633392334
-0.40930482745170593
0.35228607058525085
0.34256473183631897
0.42205172777175903
-0.3918462097644806
0.3649751543998718
-0.3560659885406494
-0.41336384415626526
0.3631828725337982
0.30498483777046204
-0.1669553816318512
-0.43305686116218567
0.27306705713272095
0.4012550115585327
-0.0009501593885943294
-0.16927772760391235
-0.4382164776325226
-0.3683571517467499
-0.49773186445236206
0.4415357708930969
-0.4601231813430786
-0.44747716188430786
-0.4393771290779114
-0.43211400508880615
-0.4364258050918579
-0.41409409046173096
-0.42011988162994385
-0.49915802478790283
-0.44062939286231995
-0.3574550151824951
-0.3655044436454773
-0.4198116958141327
0.4456107020378113
0.504938006401062
-0.34046730399131775
0.41271474957466125
-0.4105377197265625
-0.26172471046447754
-0.47703611850738525
-0.46506041288375854
0.4466935098171234
-0.39291390776634216
-0.4404057264328003
-0.38399171829223633
-0.19277550280094147
-0.4155500531196594
-0.37520045042037964
0.36643683910369873
0.3800148367881775
-0.3723461925983429
-0.3910168707370758
0.41925835609436035
-0.48421648144721985
0.4628064036369324
0.54222172498703
0.33069854974746704
0.35651734471321106
0.4818999767303467
0.4136750102043152
0.3575499653816223
-0.4233883023262024
0.06832969933748245
0.3416537046432495
-0.38259172439575195
-0.3525683283805847
-0.4710414707660675
-0.4020610749721527
0.39002901315689087
-0.4393257796764374
0.4301568567752838
-0.3336534798145294
-0.3401925563812256
0.3778574764728546
-0.42061200737953186
-0.010135726071894169
0.3897106349468231
-0.4774201512336731
0.39545905590057373
-0.4778963029384613
0.2904414236545563
0.36524346470832825
0.3129644989967346
-0.4439671039581299
-0.37283018231391907
-0.41780397295951843
-0.49045097827911377
0.5242011547088623
0.4967954754829407
0.4116452932357788
0.3846047818660736
0.39812663197517395
0.5000519752502441
0.3014037609100342
0.4449580907821655
-0.3896438479423523
-0.40443849563598633
0.5284962058067322
0.3561522364616394
0.3193820118904114
0.31259992718696594
0.4178712069988251
0.41296958923339844
0.3460902273654938
0.06220514699816704
-0.24086299538612366
-0.3774067163467407
-0.32744958996772766
-0.4961493909358978
-0.40668678283691406
-0.4396582245826721
0.3342268168926239
-0.36451247334480286
-0.36216652393341064
-0.3367597460746765
0.3611184358596802
-0.36751407384872437
0.3503139019012451
-0.3376953601837158
-0.3680553436279297
0.33155155181884766
-0.41079121828079224
0.11006779968738556
0.3868618607521057
0.3945782482624054
-0.015190331265330315
-0.375446081161499
-0.3596670627593994
-0.39148378372192383
-0.38948285579681396
-0.33649536967277527
-0.42146602272987366
-0.0007910163258202374
-0.4703730046749115
0.3555741310119629
-0.36764031648635864
-0.4598189890384674
-0.3020852208137512
0.06360859423875809
-0.18418148159980774
-0.39918240904808044
-0.06422002613544464
0.3640100061893463
0.36920544505119324
-0.19829042255878448
0.26263490319252014
0.48625102639198303
0.3641439378261566
0.37253373861312866
-0.208730086684227
-0.13448378443717957
-0.34373077750205994
-0.16458949446678162
0.3201708197593689
-0.2855667769908905
-0.4089154303073883
-0.3325992822647095
0.34833094477653503
-0.3614250123500824
-0.29872027039527893
0.45011284947395325
-0.29975426197052
0.3707888722419739
-0.00142927176784724
0.4029815196990967
0.3738754391670227
0.429112046957016
0.14326927065849304
0.3635445237159729
0.44697582721710205
0.379575252532959
0.4879589378833771
0.4258517324924469
0.004474264103919268
