0.0002667936496436596
0.06788759678602219
0.10377052426338196
0.008199326694011688
0.05946233496069908
0.0003509405069053173
0.12694066762924194
9.057812712853774e-05
0.08050725609064102
0.09513122588396072
0.13414455950260162
0.08282991498708725
0.06180333346128464
0.15255878865718842
0.09392929077148438
0.00020642817253246903
0.12435383349657059
0.13132193684577942
0.025779109448194504
0.0001662936992943287
0.15058545768260956
0.23307178914546967
0.17844262719154358
0.12163858860731125
0.16224218904972076
0.11714667826890945
0.0789688378572464
0.16482305526733398
0.08956628292798996
0.15597020089626312
0.03795487806200981
0.15631985664367676
0.10330882668495178
0.09525337815284729
0.00013383131590671837
0.13165786862373352
0.11979914456605911
0.17067964375019073
0.1561528444290161
0.10769711434841156
0.1196264699101448
0.09892014414072037
0.1198887750506401
0.08293205499649048
0.10015567392110825
0.08390851318836212
0.09975910931825638
0.1135612279176712
0.09230276197195053
0.07323800772428513
0.11328475922346115
5.812081144540571e-05
0.09175268560647964
0.09026933461427689
0.1419917345046997
0.07780914008617401
0.069678895175457
0.08540964871644974
0.1517813801765442
0.08171503990888596
0.1385529786348343
0.095802903175354
0.04613885283470154
0.07375475019216537
0.0965614914894104
0.0920272171497345
0.0631103366613388
0.08584855496883392
0.11009909212589264
0.13960760831832886
0.0908522978425026
0.04104073718190193
0.027197938412427902
0.10093498229980469
0.13040141761302948
0.06852468103170395
0.08987227082252502
0.1160934716463089
0.08988262712955475
0.10600021481513977
0.11200056225061417
0.08957602083683014
6.490262603620067e-05
0.049336425960063934
0.07102850824594498
0.11688946187496185
0.06763056665658951
0.0850607380270958
0.07914651185274124
0.09367958456277847
0.14032630622386932
0.12746275961399078
0.583855926990509
0.052377499639987946
0.15839152038097382
0.08928525447845459
0.12665554881095886
0.15555918216705322
0.09578120708465576
0.11359359323978424
0.08006162196397781
0.11790505051612854
0.09002687782049179
0.07554595172405243
0.10454066097736359
0.11390688270330429
0.10581092536449432
0.10817372798919678
0.13202881813049316
0.11396481096744537
0.052894026041030884
0.07805052399635315
0.13999727368354797
0.10742834210395813
0.11068522930145264
9.127413795795292e-05
0.02942650206387043
0.05423906072974205
0.1313786506652832
0.09845966845750809
0.13786520063877106
0.0001299012656090781
0.08526521176099777
0.03266745060682297
0.103713259100914
0.003907857928425074
0.11747416108846664
0.11194272339344025
0.00019503672956489027
0.08129972964525223
0.10037167370319366
0.00018268966232426465
0.0843849703669548
0.08001494407653809
0.11501018702983856
0.0003895827103406191
0.06414859741926193
0.08342254161834717
0.08579892665147781
0.0906243771314621
0.07020172476768494
0.01897984929382801
0.017893608659505844
0.028282618150115013
0.00012266216799616814
0.06715685874223709
0.13692748546600342
0.10325416177511215
0.11600659042596817
0.10454392433166504
0.12853002548217773
0.14063741266727448
0.08529476821422577
0.1231733039021492
0.1222749724984169
0.07559642940759659
0.06856406480073929
1.622111201286316
0.12104661762714386
0.00028988998383283615
0.07732145488262177
0.0912855863571167
0.08472710847854614
0.09756708890199661
0.13660676777362823
0.1254993975162506
0.0830707997083664
0.11208873987197876
0.11257153749465942
0.12503720819950104
0.09819204360246658
0.004074133932590485
0.12735365331172943
0.06332660466432571
0.1499662548303604
0.0698903501033783
0.00011213860125280917
0.09501101821660995
0.10229803621768951
0.08394387364387512
0.11634797602891922
0.0004151819448452443
0.058391273021698
0.00018070844816975296
0.00017681812460068613
0.020795801654458046
0.00016795659030321985
0.11618715524673462
0.0724177211523056
0.09452186524868011
0.00037083408096805215
0.11553046852350235
0.11933104693889618
0.08590386807918549
0.09508931636810303
0.009402342140674591
0.17358587682247162
0.18140798807144165
0.10339296609163284
0.0003466482739895582
0.048570070415735245
0.029067905619740486
0.1550450623035431
0.05725900083780289
0.0435950867831707
0.05163668468594551
0.0866306871175766
0.11959203332662582
0.06395541876554489
0.0981718897819519
0.06582242995500565
0.038899004459381104
0.06379073113203049
0.08557084947824478
0.08735506236553192
0.00011356066534062847
0.04609090834856033
0.02075088955461979
0.10974065959453583
0.033266715705394745
0.07146809250116348
0.014902959577739239
0.1592710018157959
0.08140065521001816
0.03473290801048279
0.0038512193132191896
0.12982583045959473
0.09239411354064941
0.13389341533184052
0.041528522968292236
0.1115434318780899
0.0002949039335362613
0.00019389438966754824
0.03986342251300812
0.00010656272934284061
0.00017202187154907733
0.00013692064385395497
0.00034533118014223874
0.12933318316936493
0.0003116908483207226
0.0516614094376564
0.09439676254987717
0.06345763802528381
0.05685962364077568
0.11400708556175232
9.497473365627229e-05
0.01893746294081211
0.0904289186000824
0.12258511781692505
0.00011945015285164118
0.05955144390463829
0.059020526707172394
0.03079030103981495
0.11124918609857559
0.11907004565000534
0.12461758404970169
