20.12284278869629
1.0101566314697266
11.322735786437988
19.732589721679688
0.43997254967689514
4.632491588592529
20.86185646057129
1.5187541246414185
2.677338123321533
2.148129940032959
2.5515897274017334
11.40059757232666
5.200621604919434
2.6965503692626953
3.6587278842926025
6.105559825897217
2.6617164611816406
3.0148236751556396
1.1130694150924683
5.627991199493408
5.316377639770508
9.803221702575684
3.3412699699401855
20.814109802246094
3.738607406616211
4.93632698059082
1.0982412099838257
6.105026721954346
5.228867053985596
2.531329870223999
3.0160810947418213
15.069547653198242
