-0.16143706440925598
0.09177819639444351
-0.12303836643695831
-0.146635964512825
-0.04680410027503967
-0.14804492890834808
-0.09186790883541107
-0.05011884495615959
0.08712183684110641
-0.08087654411792755
-0.06366847455501556
-0.06541071087121964
0.016956109553575516
-0.11995148658752441
0.1671735644340515
-0.023803384974598885
-0.1772792786359787
-0.0003486835048533976
0.03469793125987053
-0.1377846896648407
-0.08327615261077881
0.0395624004304409
0.06969454884529114
-0.18123744428157806
0.07063105702400208
0.08656004816293716
0.06794730573892593
-0.018304452300071716
0.026462966576218605
-0.114993155002594
0.233892560005188
0.16739115118980408
0.10914572328329086
-0.1347128301858902
0.06545919179916382
0.156427800655365
-0.32243821024894714
0.13719983398914337
0.2050466537475586
-0.15222607553005219
-0.03901764377951622
0.07641439884901047
-0.1452861875295639
0.125430166721344
-0.011037483811378479
-0.003497498342767358
-0.1270550936460495
-0.14453242719173431
-0.06328709423542023
-0.018050866201519966
0.06979677081108093
-0.01968155987560749
0.2528076469898224
-0.08714396506547928
0.07532381266355515
0.18183644115924835
0.07178516685962677
0.11544375121593475
0.10512883216142654
-0.04599209502339363
-0.13035626709461212
0.0033426883164793253
-0.016828585416078568
0.025890571996569633
