0.005435465835034847
0.0556175634264946
-0.021502912044525146
0.017640370875597
0.03446125239133835
0.023728491738438606
-0.039039865136146545
-0.03613888844847679
-0.07990305125713348
0.03851036727428436
-0.0021972584072500467
0.07529231160879135
-0.06510473042726517
0.0123596815392375
0.08816340565681458
0.0029172322247177362
-0.016607100144028664
0.011595024727284908
-0.044035136699676514
0.05085821449756622
-0.026621220633387566
-0.007681291550397873
-0.05893263593316078
-0.029936235398054123
-0.011044139042496681
-0.025931766256690025
0.02955971099436283
0.03495490178465843
0.008335624821484089
-0.007719885557889938
0.0346686951816082
-0.03029741160571575
