0.3298465311527252
-0.4378587603569031
-0.4691985547542572
-0.3743716776371002
0.12270092964172363
-0.3167051374912262
-0.1426038295030594
-0.10581199079751968
-0.28305986523628235
-0.2989688813686371
-0.42259854078292847
-0.01719905622303486
-0.005149587988853455
-0.45374858379364014
-0.5171920657157898
-0.0872521847486496
-0.4229872524738312
-0.002085520653054118
0.14272268116474152
-0.23694323003292084
-0.4183396100997925
0.0762416422367096
-0.10305611044168472
-0.09107936918735504
-0.19915804266929626
0.1779337227344513
-0.6264989972114563
0.009617768228054047
-0.2845064103603363
-0.27861931920051575
-0.7860593795776367
-0.6001800298690796
-0.20563006401062012
-0.1754896640777588
0.08364759385585785
-0.7444239854812622
-0.34025976061820984
0.3798651695251465
-0.4575742781162262
-0.3836507797241211
0.1576612889766693
0.23019829392433167
-0.4390653967857361
-0.29858753085136414
0.04935484379529953
-0.018580041825771332
-0.37059423327445984
0.1535426676273346
0.004400282166898251
-0.15795724093914032
-0.1938115954399109
-0.14748287200927734
-0.7769982218742371
-0.44817039370536804
-0.09263720363378525
-0.41210222244262695
0.6028684973716736
-0.14067122340202332
0.23136448860168457
0.19682952761650085
-0.3218367099761963
0.02647165209054947
-0.22933579981327057
0.21812744438648224
