-0.5402666330337524
0.1510547697544098
-0.007418273948132992
-0.19631828367710114
-0.021067030727863312
-0.2772896885871887
-0.06773494929075241
0.3499264419078827
0.21780958771705627
-0.320244699716568
0.30083003640174866
-0.12643207609653473
-0.3983202576637268
0.12418901175260544
0.3975517749786377
0.002018048893660307
-0.4397614002227783
0.2205020636320114
0.33401718735694885
0.007933832705020905
-0.2702583372592926
-0.38172146677970886
-0.10943852365016937
0.1424938589334488
-0.22612008452415466
-0.014112341217696667
0.35294339060783386
0.28514471650123596
1.9754502773284912
0.14493584632873535
-0.11277143657207489
0.4880628287792206
0.0843011662364006
-0.22771482169628143
-0.05386388301849365
-0.3823632597923279
-0.23567117750644684
-0.54069584608078
0.0483129620552063
0.2997385263442993
-0.007518967147916555
0.12794038653373718
0.2858201265335083
-0.1570812463760376
0.45721715688705444
-0.15510961413383484
0.11164674907922745
0.341200053691864
0.00013426366786006838
0.18559779226779938
0.2342323213815689
0.3430165946483612
0.2762473225593567
0.38791608810424805
0.17934063076972961
-0.3027936816215515
-0.15511222183704376
0.1879883110523224
-0.07761692255735397
-0.0005794538883492351
-0.22762347757816315
-0.34148404002189636
-0.233242005109787
0.03283008560538292
-0.009393282234668732
0.3884119689464569
0.2731786072254181
0.12939104437828064
0.026864809915423393
0.4097334146499634
-0.013713039457798004
0.005143944639712572
-0.35005390644073486
0.14724116027355194
0.10964763909578323
-0.42065805196762085
0.25762858986854553
-0.2671850919723511
-0.36513474583625793
-0.17732450366020203
-0.11067699640989304
-0.4655086100101471
0.2252798080444336
-0.09668190032243729
0.15322381258010864
-0.05063394457101822
-0.11198257654905319
0.025646114721894264
-0.16492174565792084
-0.045734744518995285
-0.20319658517837524
0.020324526354670525
-0.5544354915618896
0.12533408403396606
0.06323758512735367
-1.086962342262268
-0.2347242534160614
0.43490469455718994
-0.03229709714651108
0.042286086827516556
0.07287061214447021
-0.3756807744503021
-0.014702018350362778
-0.03958337754011154
0.6745263338088989
0.06836874037981033
0.302911639213562
0.29423069953918457
-0.49223315715789795
0.04725470766425133
0.4156152904033661
-0.6924096941947937
-0.21545355021953583
0.2961617112159729
0.018089700490236282
-0.5161639451980591
0.5334936380386353
-0.1305045783519745
-0.06782988458871841
0.06690287590026855
-0.13501037657260895
0.2457413524389267
0.2717124819755554
0.29574552178382874
0.34133535623550415
0.6076782941818237
-0.21215352416038513
-0.4287770688533783
