-0.0017117164097726345
-0.00312014389783144
0.029524313285946846
-0.0008484015706926584
0.1887616068124771
-0.1908247470855713
0.07720793038606644
-0.048594631254673004
0.11908825486898422
-0.002683160826563835
-0.006131204776465893
0.13410045206546783
-0.14819657802581787
0.13846048712730408
0.07169099897146225
-0.0005066806334070861
0.27341675758361816
-0.02012822777032852
-0.02088642679154873
-0.21690668165683746
-0.05413523316383362
-0.08424106985330582
0.02843644469976425
0.12476889044046402
-0.06592004746198654
0.14048875868320465
-0.2195415496826172
-0.09248653054237366
0.01786823943257332
0.012827788479626179
0.00045303042861633003
0.0530584417283535
0.022439200431108475
-0.04685073345899582
-0.07110641151666641
0.00540049048140645
-0.27650636434555054
-0.0038504807744175196
0.04191945865750313
-0.11866084486246109
-0.0037073716521263123
-0.00699476758018136
0.09072840958833694
-0.0018350670579820871
-0.04589980095624924
-0.0007881744531914592
0.016879186034202576
0.11119005084037781
0.0004132649046368897
0.10904061049222946
-0.11425181478261948
0.13009484112262726
-0.10117360949516296
0.07937046140432358
-0.04452240839600563
0.07750732451677322
-0.0162060484290123
0.1562694013118744
-0.1327166110277176
0.08977863192558289
-0.07786553353071213
-0.09647974371910095
0.1457243412733078
0.0226571187376976
-0.023995811119675636
0.06510250270366669
0.058100078254938126
0.11160951107740402
0.04799486696720123
-0.16729967296123505
0.03553011640906334
-0.009972847998142242
-0.1774153858423233
-0.055933889001607895
-0.033300600945949554
-0.07049120962619781
0.10853272676467896
-0.09748300164937973
-0.0008988946210592985
0.12843376398086548
-0.054548002779483795
-0.12652750313282013
-0.002073272131383419
0.19361260533332825
-0.17590557038784027
-0.014929128810763359
-0.003671583952382207
-0.007953895255923271
-0.23531195521354675
-0.3403705060482025
0.06267017871141434
-0.056396372616291046
-0.17270298302173615
-0.00418404396623373
0.03064362332224846
-0.0017290887190029025
0.07135521620512009
-0.0024462563451379538
0.02030792087316513
0.03294268250465393
-0.09753943979740143
0.07848753780126572
-0.018776778131723404
0.018202906474471092
0.035319387912750244
-0.011316206306219101
0.033020827919244766
0.5607835650444031
-0.009138942696154118
-0.00440679956227541
0.08968180418014526
-0.1708444356918335
-0.11987094581127167
0.052180033177137375
0.05126681178808212
0.020618224516510963
-0.1780320107936859
-0.05432654917240143
-0.022271255031228065
-0.147554412484169
0.03195679560303688
-0.13013845682144165
0.009161600843071938
0.06074834614992142
-0.14827898144721985
-0.07924549281597137
-0.014178446494042873
-0.0786781832575798
-0.08907375484704971
-0.005189281888306141
-0.20842485129833221
0.006391860079020262
-0.03598901256918907
-0.06662510335445404
-0.0020391023717820644
0.0012194165028631687
-0.07526596635580063
0.01634492166340351
0.07939264178276062
-0.016414422541856766
0.01080246176570654
-0.03710821643471718
0.01450365036725998
-0.0006008244818076491
-0.0021941019222140312
0.016398390755057335
0.04104779660701752
0.0004338290891610086
0.07298827916383743
0.05273358151316643
0.18572333455085754
-0.23149795830249786
0.18384431302547455
-0.23902107775211334
-0.010018567554652691
-0.055404528975486755
0.2211150825023651
-0.06268184632062912
0.009380299597978592
-0.11008640378713608
-0.0012224082602187991
0.1770889014005661
0.0629519522190094
-0.029493652284145355
-0.13675642013549805
0.04505760222673416
-0.0013967235572636127
-0.054855819791555405
-0.0013866123044863343
-0.0023403416853398085
-0.08190247416496277
-0.06600333750247955
0.06447730213403702
-0.1618255227804184
-0.00998134445399046
0.13346630334854126
-0.14980670809745789
0.11795510351657867
-0.14439116418361664
-0.03713114187121391
0.1623840034008026
-0.0383496955037117
-0.01382432784885168
-0.0036384430713951588
0.004169204737991095
0.021322010084986687
-0.12779739499092102
-0.026149583980441093
0.19959405064582825
0.0009357397211715579
-0.07044621556997299
0.1493169367313385
0.11090820282697678
0.03189787268638611
-0.0009105940698646009
-0.10384045541286469
0.027666695415973663
-0.001030363724566996
-0.03752513229846954
-0.03225250914692879
-0.0030257939361035824
0.03129684552550316
-0.1609526127576828
0.08028381317853928
-0.00027454402879811823
0.15367168188095093
0.0001421174529241398
0.08506322652101517
0.005212347023189068
-0.12198954075574875
-0.046324022114276886
0.04320218786597252
0.0019212695769965649
0.11322851479053497
0.08795211464166641
0.043517060577869415
0.05262606963515282
-0.15417350828647614
-0.03161466866731644
0.17554143071174622
0.07600264996290207
-0.06214292347431183
0.04885318875312805
0.17315395176410675
0.11799875646829605
-0.004101079888641834
0.0003613992885220796
0.0015687050763517618
-0.0916634351015091
-0.05128128454089165
-0.14421075582504272
-0.0126469936221838
-0.21291986107826233
-0.25558948516845703
0.1647282838821411
-0.0022937559988349676
-0.008557356894016266
0.06460635364055634
-0.034061480313539505
-0.10757657140493393
0.05021458864212036
0.005022803787142038
-0.01834350824356079
0.12432018667459488
-0.20226602256298065
0.09152555465698242
-0.00568779231980443
-0.12255062162876129
-0.08586081862449646
-0.00121549260802567
-0.005810094065964222
-0.04237809777259827
-0.10762419551610947
-0.10339705646038055
-0.14726980030536652
0.054534345865249634
