-0.18490327894687653
-0.35183653235435486
0.9917022585868835
0.2255723625421524
-0.06432840973138809
-0.007967540994286537
0.25044509768486023
-0.61226886510849
-0.7099504470825195
-0.6323784589767456
-0.056515760719776154
-0.18732599914073944
-0.30863967537879944
0.5428935885429382
0.3043387234210968
-0.22563476860523224
-0.4340195655822754
-0.8379231095314026
-0.5161868929862976
-0.5972558856010437
-0.14239171147346497
-0.2708234190940857
0.05898621305823326
1.428544282913208
-0.15114271640777588
-0.5207634568214417
-0.23668739199638367
-0.11862341314554214
-0.007717845030128956
0.4993884563446045
-0.16875025629997253
1.4194048643112183
