0.12141765654087067
0.16984610259532928
-0.1517745405435562
-0.139835923910141
-0.1919410228729248
-0.18656542897224426
0.3183962404727936
0.1586834043264389
0.2646811902523041
-0.2487480640411377
-0.2330869734287262
0.13445715606212616
0.14650307595729828
0.33953022956848145
-0.13302844762802124
-0.2337775081396103
-0.17039914429187775
-0.20863129198551178
-0.2969619035720825
-0.2048969864845276
0.183074951171875
-0.17159855365753174
-0.1397378146648407
0.2359755039215088
0.13912200927734375
0.31568196415901184
0.17112603783607483
-0.19207671284675598
0.181867778301239
-0.22240608930587769
0.2797495424747467
0.3530716598033905
