0.02349553257226944
0.3921528458595276
0.36801382899284363
0.15755139291286469
0.3377332389354706
0.01647164300084114
-0.4566989839076996
0.0011301463237032294
-0.3666790723800659
-0.3242848515510559
-0.5186458826065063
-0.4709268808364868
-0.339893102645874
-0.3406389057636261
-0.4442051649093628
-0.007672126404941082
0.36754459142684937
0.4901958703994751
-0.26999998092651367
-0.0012785609578713775
0.35373303294181824
-0.5987033247947693
-0.5213546752929688
-0.3995428681373596
0.4249698519706726
0.40834373235702515
0.3619830906391144
-0.6044344305992126
-0.35232439637184143
-0.41506800055503845
0.28600069880485535
0.6077150106430054
0.4618290364742279
-0.3888823091983795
0.0027524232864379883
-0.4255386292934418
0.4644370377063751
0.5306242108345032
0.5005275011062622
-0.41979318857192993
-0.4659368395805359
-0.4612971842288971
-0.4086536169052124
-0.3542464077472687
-0.5612717866897583
-0.36323150992393494
-0.4372577667236328
-0.5310110449790955
-0.43465396761894226
-0.4112899899482727
-0.4302348494529724
0.0024733999744057655
-0.4104219377040863
0.40725547075271606
-0.4910123944282532
0.391055166721344
0.3782629668712616
0.4169788062572479
0.45366841554641724
0.4110128879547119
-0.4132125973701477
-0.39154621958732605
-0.29060330986976624
0.34704750776290894
0.4490111470222473
0.42613518238067627
0.3642897307872772
0.31411442160606384
-0.37325605750083923
-0.4561716318130493
0.3874921500682831
0.30941829085350037
-0.2902734875679016
-0.4599873125553131
-0.46966615319252014
-0.3492012023925781
-0.4410378336906433
-0.509381115436554
0.45426326990127563
0.41689640283584595
0.40681132674217224
-0.474543958902359
0.0010289099300280213
-0.3350422978401184
0.3613153398036957
0.25558802485466003
0.3626786768436432
-0.2983373999595642
-0.31065067648887634
0.44349434971809387
0.5017032623291016
0.45255622267723083
-0.3463726341724396
0.0863865464925766
0.4310256838798523
0.45598098635673523
0.5720813274383545
0.45096296072006226
0.3866881728172302
0.4590635597705841
-0.35789716243743896
-0.41908007860183716
-0.39167067408561707
-0.34174060821533203
-0.4374394714832306
0.4160352349281311
0.41392001509666443
-0.39446571469306946
-0.48156192898750305
-0.4487626552581787
0.3468186855316162
-0.39198005199432373
0.46153005957603455
0.4260627329349518
0.4448849558830261
0.0019602226093411446
0.28287094831466675
0.33568769693374634
0.44928795099258423
-0.47338607907295227
-0.4784243702888489
-1.1177592568856198e-05
-0.4082089364528656
0.28893786668777466
0.383216917514801
-0.13892222940921783
0.4521881937980652
0.3903040885925293
0.0001112792597268708
0.4244749844074249
0.49580511450767517
-0.013647018000483513
-0.3737826943397522
-0.37386640906333923
0.4879622161388397
-0.040544405579566956
-0.3516209125518799
-0.40633490681648254
0.39902281761169434
0.4192159175872803
0.32753777503967285
-0.22440333664417267
-0.21292661130428314
-0.2692224681377411
-0.0016091343713924289
-0.3374878764152527
-0.5403492450714111
-0.39859339594841003
-0.48003825545310974
-0.5358856320381165
0.4778948724269867
0.5057128667831421
0.39300766587257385
-0.450647234916687
-0.43365660309791565
-0.5148115158081055
0.35409364104270935
-0.3241555988788605
0.43332916498184204
-0.05119452625513077
-0.3569789230823517
0.3924270570278168
0.46306177973747253
0.4733864963054657
0.523226797580719
0.5070000886917114
0.3414556682109833
0.4106167256832123
0.47400975227355957
0.504574179649353
0.4368667006492615
0.14719298481941223
0.4415626525878906
-0.2293507158756256
-0.4328581690788269
-0.3465617299079895
0.01101058628410101
0.36096253991127014
-0.4134659469127655
-0.3798159658908844
0.44748786091804504
-2.4114386178553104e-05
-0.32976192235946655
0.0008846154087223113
-0.00019173897453583777
-0.22269347310066223
-0.0007870928384363651
0.44670575857162476
0.4555906057357788
-0.4791766107082367
0.05164182558655739
-0.46380847692489624
0.5109953284263611
-0.40603381395339966
-0.45775076746940613
0.17781870067119598
-0.39565208554267883
-0.4654845595359802
0.40382322669029236
0.0005896586808376014
-0.32157862186431885
-0.2658146917819977
-0.47474637627601624
-0.2599998414516449
0.1416880041360855
0.3378683626651764
-0.4566570222377777
0.40923336148262024
-0.31948259472846985
0.4025574028491974
-0.3270554542541504
-0.09236340969800949
0.23675599694252014
-0.4180174767971039
-0.42271578311920166
-0.00712595833465457
0.311800092458725
-0.23607541620731354
-0.43816661834716797
0.27364596724510193
-0.4021918475627899
0.2293785959482193
0.4560317099094391
0.38376089930534363
-0.2782018482685089
-0.13790351152420044
0.5595400333404541
-0.4089876115322113
-0.4436134696006775
0.3358795642852783
0.44237077236175537
-0.014544868841767311
0.0010693712392821908
-0.28804078698158264
0.0031154449097812176
-0.00047472567530348897
0.0034341486170887947
0.001966181444004178
0.44624781608581543
-0.0021227735560387373
-0.32557645440101624
-0.39259979128837585
0.38178524374961853
0.3133087158203125
-0.4222153127193451
-0.003274403978139162
0.21912406384944916
-0.3901830315589905
0.4581669569015503
-0.004895350895822048
0.33637481927871704
0.3525371849536896
0.25814884901046753
0.4291675090789795
0.532120943069458
0.5175736546516418
