0.013952203094959259
0.02343618869781494
0.021862158551812172
0.016091082245111465
0.010602661408483982
0.02223099395632744
0.03811398521065712
0.01689206063747406
0.03563672676682472
0.015360377728939056
0.019640536978840828
0.014218993484973907
0.02740616351366043
0.036157917231321335
0.0288767721503973
0.018842525780200958
0.030800538137555122
1.9519718989613466e-05
0.01776101440191269
0.018459241837263107
0.02549617923796177
0.0391559898853302
0.012684788554906845
0.03260607272386551
0.02112908661365509
0.02003123052418232
0.05764826014637947
0.004454810172319412
0.009882323443889618
0.01506097987294197
0.031069111078977585
0.028844555839896202
0.01661704108119011
0.023249929770827293
0.012952789664268494
0.020533207803964615
0.029843397438526154
0.00989623460918665
0.03447772562503815
0.023145951330661774
0.014959249645471573
0.0095836715772748
0.02327115088701248
0.024582067504525185
0.010012619197368622
6.417546683223918e-05
0.01414286345243454
0.011415977030992508
0.009447199292480946
0.013964164070785046
0.010618945583701134
0.00767492363229394
0.03125832602381706
0.016938749700784683
0.01994709111750126
0.03987887501716614
0.010502861812710762
0.016996821388602257
0.010496324859559536
0.025206850841641426
0.020732643082737923
0.031499721109867096
0.011642432771623135
0.012955053709447384
