0.1473027616739273
0.10799117386341095
0.005397414788603783
0.12559986114501953
0.00048462985432706773
0.21071094274520874
0.11611773818731308
0.21766147017478943
0.14515016973018646
0.1840541958808899
0.07300770282745361
0.13003790378570557
0.2412661463022232
0.013527357019484043
0.25700464844703674
0.0004494675958994776
0.1869347095489502
0.19865655899047852
0.13521000742912292
0.1436450332403183
0.26430410146713257
0.2644512355327606
0.18451423943042755
0.2040477693080902
0.22606417536735535
0.21585369110107422
0.18602892756462097
0.1730552613735199
1.3721840381622314
0.18708308041095734
0.24894979596138
0.3059603273868561
0.021399395540356636
0.06602445989847183
0.2548697888851166
0.2549693286418915
0.3290470838546753
0.2729719579219818
0.001371059799566865
0.35858434438705444
0.1105271652340889
0.1056031584739685
0.20696868002414703
0.13386960327625275
0.15038944780826569
0.22550992667675018
0.09741000831127167
0.2643745243549347
0.0003576331364456564
0.21827322244644165
0.17641133069992065
0.26961448788642883
0.21981577575206757
0.24961140751838684
0.09230045229196548
0.18766526877880096
0.019003478810191154
0.19847404956817627
0.0476481057703495
0.0008465897408314049
0.22648729383945465
0.14891503751277924
0.2308153361082077
0.1883762627840042
9.63035854510963e-05
0.20686520636081696
0.09331662207841873
0.2960427403450012
0.12801100313663483
0.4679522216320038
0.00015789152530487627
0.00020296635921113193
0.16042138636112213
0.18180334568023682
0.08228865265846252
0.5210174918174744
0.16085927188396454
0.13832716643810272
0.20520977675914764
0.13178999722003937
0.11301591992378235
0.35054251551628113
0.2722567319869995
0.02442857250571251
0.2384602576494217
0.11422773450613022
0.1784939020872116
0.05713868886232376
0.09080250561237335
0.138902485370636
0.18139517307281494
0.18067800998687744
0.40188056230545044
0.19817858934402466
0.18205399811267853
0.6149241924285889
0.2550337612628937
0.07669823616743088
0.1341427117586136
0.10675611346960068
0.1620652973651886
0.1184166818857193
0.22311468422412872
0.11413642764091492
0.41571080684661865
0.19111579656600952
0.29106444120407104
0.22891664505004883
0.4598442614078522
0.1317472755908966
0.212970569729805
0.3417692184448242
0.20428171753883362
0.17634963989257812
0.06179468333721161
0.3200095295906067
0.27361613512039185
0.09882678836584091
0.034752167761325836
0.16695107519626617
0.14812026917934418
0.11846531927585602
0.2366309016942978
0.18975096940994263
0.17016921937465668
0.2958333194255829
0.2467757761478424
0.2606431841850281
