0.0818173885345459
0.391695499420166
-0.047809991985559464
-0.011591019108891487
0.06236662343144417
-0.006379620172083378
0.08177255839109421
0.525948166847229
0.15352723002433777
0.04756765440106392
-0.039082691073417664
-0.055712029337882996
0.21939422190189362
0.05248483270406723
-0.025891905650496483
0.0002598025603219867
0.07307875901460648
-0.00996759720146656
0.0036929980851709843
-0.09963896125555038
0.1389404535293579
0.10255217552185059
-0.10051455348730087
-0.0038911784067749977
0.04740656912326813
-0.022942159324884415
-0.08331657201051712
0.07072615623474121
0.02364860475063324
-0.13348954916000366
-0.048504143953323364
-0.004845479968935251
0.0318957194685936
0.10632920265197754
-0.10911290347576141
-0.07276148349046707
-0.013434605672955513
0.12775734066963196
-0.0009332895861007273
0.0982523187994957
-0.23151738941669464
-0.009680362418293953
0.058119285851716995
0.060515146702528
0.025279328227043152
0.05720730498433113
-0.006839947309345007
-0.09749676287174225
0.13516949117183685
0.06841211766004562
-0.10422687977552414
-0.14079315960407257
-0.2076129913330078
-0.0034643353428691626
0.03053761087357998
-0.06638217717409134
0.05807117745280266
0.2193019986152649
0.04756785184144974
-0.08952172845602036
-0.02495717629790306
-0.05013051629066467
0.0018371036276221275
0.02644283138215542
-0.0005475276266224682
0.07189782708883286
0.02073609083890915
-0.1781136840581894
0.12065868079662323
0.04335131496191025
0.15660735964775085
0.02531786635518074
-0.1859208643436432
-0.09747976809740067
-0.07707671076059341
-0.02474188804626465
0.055046167224645615
-0.002281412249431014
0.3303684592247009
-0.08951859921216965
-0.1272791624069214
0.14502976834774017
0.08813075721263885
-0.16805343329906464
0.05885079503059387
-0.03066164255142212
-0.006665835157036781
0.007309321314096451
-0.008462593890726566
-0.09406572580337524
-0.10907832533121109
-0.13860641419887543
0.04643506184220314
0.21285797655582428
0.10565155744552612
0.012236741371452808
-0.0321664996445179
-0.04386914521455765
0.097988061606884
-0.000798612367361784
0.061053499579429626
0.16911372542381287
0.0037123486399650574
-0.17335669696331024
0.09988167881965637
-0.0031539383344352245
0.1312844604253769
0.15221039950847626
-0.0800613984465599
-0.049160756170749664
0.0005617120768874884
-0.00903032161295414
0.18667413294315338
0.0004241934511810541
0.06768881529569626
0.28137436509132385
-0.0008650360396131873
0.15539874136447906
-0.023798635229468346
-0.2674725651741028
0.2653868794441223
-0.052986372262239456
0.2293955683708191
-0.08570698648691177
-0.06853718310594559
-0.13211826980113983
-0.04530663043260574
0.10689462721347809
