0.03641132265329361
0.10435844212770462
0.055018696933984756
0.0001380179892294109
0.01044444553554058
5.139527638675645e-05
0.07416217029094696
0.5596309900283813
0.05471447855234146
0.03170386329293251
0.016934925690293312
0.00644906098023057
0.03832992911338806
0.011451363563537598
0.0017231156816706061
3.468354407232255e-05
0.0037132741417735815
0.0069045755080878735
0.004208240658044815
0.09966714680194855
0.08163740485906601
0.048806700855493546
0.09519461542367935
2.7888727345271036e-05
0.001716484548524022
0.0033904993906617165
0.02927444875240326
0.00683348486199975
0.04369380325078964
0.04033755883574486
0.007457987405359745
2.7823360142065212e-05
0.08564911782741547
0.044826440513134
0.06267527490854263
0.03374110534787178
0.0025151732843369246
0.06816723942756653
4.095014901395189e-06
0.03989752382040024
0.026940368115901947
8.174921822501346e-05
0.041343946009874344
0.03160100802779198
0.031058503314852715
0.0628456324338913
0.07594761252403259
0.019006362184882164
0.16293711960315704
0.00678018294274807
0.011957825161516666
0.05726317688822746
0.13404838740825653
2.6265990527463146e-05
0.05102476105093956
0.25253206491470337
0.05279490351676941
0.05633077397942543
0.0020811608992516994
0.022940723225474358
0.051439326256513596
0.06692788749933243
0.000826058560051024
0.0004932494484819472
9.615392627893016e-06
0.01661648042500019
0.07312314212322235
0.03216191753745079
0.04377181828022003
0.04362977296113968
0.060967788100242615
0.09155751019716263
0.017966553568840027
0.03604120761156082
0.046105071902275085
0.0006073531112633646
0.013124841265380383
0.027090217918157578
0.13847245275974274
0.05053367838263512
0.032612066715955734
0.04241754114627838
0.1413896232843399
0.020813608542084694
0.01498359814286232
0.0027787736617028713
1.668168988544494e-05
0.0759265199303627
0.1351175606250763
0.10041196644306183
0.050509385764598846
0.1514255404472351
0.008448445238173008
0.06711430102586746
0.006312679965049028
0.014560649171471596
0.029681051149964333
0.061033908277750015
0.022852152585983276
2.074191434076056e-05
0.1269250214099884
0.03342169150710106
0.034769121557474136
0.05119975283741951
0.009744803421199322
7.168450974859297e-05
0.03244646638631821
0.09671249985694885
0.026784317567944527
0.054353807121515274
0.12528619170188904
0.00782722420990467
0.053846485912799835
1.2370789590931963e-05
0.0602552704513073
0.0977703183889389
1.5087639440025669e-05
0.09953360259532928
0.02743442915380001
0.021132221445441246
0.058640915900468826
0.06994108110666275
0.030890433117747307
0.02197171375155449
0.27246448397636414
0.04560438171029091
0.13897137343883514
0.03772354871034622
