-0.2574351727962494
-0.359054833650589
-0.2282983660697937
-0.06699246168136597
-0.3441672623157501
-0.3719145953655243
-0.22190910577774048
-0.45618143677711487
-0.25335898995399475
-0.2327103167772293
-0.31487157940864563
-0.37958571314811707
-0.32680878043174744
-0.29089730978012085
-0.2938471734523773
-0.28596264123916626
-0.3653782904148102
-0.3146398365497589
-0.32883915305137634
-0.2988019287586212
-0.26124006509780884
-0.20089662075042725
-0.4667717218399048
-0.27703210711479187
-0.3150738477706909
-0.023651812225580215
-0.3152174651622772
-0.33776697516441345
-0.40668508410453796
-0.39852195978164673
-0.3424603044986725
-0.42132818698883057
-0.16988037526607513
-0.42482075095176697
-0.32617753744125366
-0.3210085928440094
-0.3247159421443939
-0.28595682978630066
-0.3186933100223541
-0.18362924456596375
-0.18298181891441345
-0.30743956565856934
-0.21575325727462769
-0.2636871635913849
-0.2677557170391083
-0.2899375855922699
-0.15268127620220184
-0.25508326292037964
-0.19318152964115143
-0.3054902255535126
-0.29735761880874634
-0.23396813869476318
-0.14761380851268768
-0.28428134322166443
0.02916763350367546
-0.23937207460403442
-0.21024183928966522
-0.2269313484430313
-0.29528993368148804
-0.24646377563476562
-0.19314159452915192
-0.22063635289669037
-0.21167995035648346
-0.07151427865028381
-0.135759174823761
-0.32592734694480896
-0.01601967215538025
-0.3650266230106354
-0.2588810622692108
-0.08631666749715805
-0.3087339699268341
-0.4094727635383606
-0.0325155183672905
-0.1518097072839737
-0.5527552366256714
-0.013628114014863968
-0.04963026940822601
-0.15000498294830322
-0.01188778504729271
-0.026639627292752266
-0.3105997145175934
-0.29632461071014404
-0.32233792543411255
-0.21982838213443756
-0.2744062542915344
-0.24486207962036133
-0.2545751631259918
-0.2467726171016693
-0.3465944528579712
-0.15194329619407654
-0.319964200258255
-0.2782670557498932
-0.1193062961101532
0.008287742733955383
-0.29918172955513
-0.2175496518611908
-0.3545287251472473
-0.0036123846657574177
-0.0753290057182312
-0.4108882248401642
-0.24288280308246613
-0.5883411765098572
-0.38715803623199463
-0.363778293132782
-0.41652536392211914
-0.36291399598121643
-0.4085404872894287
-0.27101337909698486
-0.2644788920879364
-0.19238945841789246
-0.49538934230804443
-0.39584478735923767
-0.33131712675094604
-0.2870623469352722
-0.32158055901527405
-0.28168928623199463
-0.3036753833293915
-0.30181097984313965
-0.36465924978256226
-0.30568456649780273
-0.1252003312110901
-0.20460118353366852
-0.35341471433639526
-0.2834973633289337
-0.294917494058609
-0.23715946078300476
-0.2982102036476135
-0.0965469628572464
-0.33099669218063354
-0.19405490159988403
-0.3139203190803528
-0.4045456349849701
-0.3166736662387848
-0.3120233118534088
-0.2837162911891937
-0.5473150610923767
-0.28284862637519836
-0.5648389458656311
-0.1379128396511078
-0.25073131918907166
-0.4112996459007263
-0.2880276143550873
-0.2109583020210266
-0.4276643991470337
0.36406275629997253
-0.23906101286411285
-0.25881174206733704
-0.23017050325870514
-0.3628075420856476
-0.29080262780189514
-0.43447092175483704
-0.3538098931312561
-0.21277004480361938
-0.30073532462120056
-0.20723313093185425
-0.336950421333313
-0.3953903913497925
-0.004114668350666761
-0.2952323853969574
-0.42720040678977966
-0.40247753262519836
-0.32204970717430115
-0.18024133145809174
-0.27506744861602783
-0.20890887081623077
-0.3941171169281006
-0.2545030415058136
-0.4050482213497162
-0.3748251497745514
-0.32629191875457764
-0.3708268404006958
-0.3543739914894104
-0.22641168534755707
-0.3100149631500244
-0.43014219403266907
-0.1673281490802765
-0.2762094736099243
-0.35790321230888367
-0.14633959531784058
-0.4874601662158966
-0.15801681578159332
-0.24568621814250946
-0.0609029158949852
-0.2947663962841034
-0.39088961482048035
-0.24754250049591064
-0.03150419890880585
-0.15028919279575348
-0.2636208236217499
-0.16811132431030273
-0.35677483677864075
-0.2743559777736664
-0.4569529592990875
-0.1267262101173401
-0.3113984167575836
-0.2549501657485962
-0.11771143972873688
-0.26717498898506165
-0.18636198341846466
-0.21441544592380524
-0.236564040184021
-0.30279114842414856
-0.308797687292099
-0.1894179880619049
-0.05199128016829491
-0.36979302763938904
-0.36878469586372375
-0.006250130478292704
-0.4015229642391205
-0.4787200391292572
-0.21527567505836487
-0.3196413516998291
-0.2154184877872467
-0.411997526884079
-0.01825002022087574
-0.38648977875709534
-0.28812336921691895
-0.27150091528892517
-0.4001830220222473
-0.21428929269313812
-0.03543688729405403
-0.03885362669825554
-0.3253803551197052
-0.03384092077612877
-0.2720085680484772
-0.4358559846878052
-0.0910334587097168
-0.15378740429878235
-0.3822297751903534
-0.2851513922214508
-0.33726444840431213
-0.12479184567928314
-0.06589706242084503
-0.16800767183303833
-0.08063270896673203
-0.13939747214317322
-0.08655383437871933
-0.3422594666481018
-0.25529736280441284
-0.22503431141376495
-0.26799604296684265
-0.28267672657966614
-0.31821638345718384
-0.16827328503131866
-0.21431505680084229
0.4140608012676239
-0.3025256395339966
-0.21506133675575256
-0.2973591089248657
0.17231552302837372
-0.2672196626663208
-0.29679232835769653
-0.2760087251663208
-0.4083971679210663
-0.33848321437835693
-0.013822423294186592
