0.5365375876426697
0.020230665802955627
0.14223170280456543
-0.5660043358802795
-0.735411524772644
0.1255633383989334
-0.5076698660850525
-1.4488551616668701
0.0952359139919281
-0.5019010305404663
-0.43182945251464844
-0.5238422155380249
0.007274235598742962
0.07877128571271896
0.07099737972021103
0.6102882027626038
0.44662851095199585
0.9180759787559509
-0.975006639957428
0.9562469720840454
0.39073699712753296
-0.6473778486251831
-0.4174858629703522
0.3424893915653229
0.010581466369330883
-0.5391502976417542
0.38624995946884155
-0.003968583885580301
0.6198800206184387
-0.4519125521183014
-1.5587953329086304
0.045105475932359695
-0.471537321805954
-0.011006522923707962
0.7634644508361816
-0.8730865716934204
0.3853830099105835
-0.4865061044692993
0.1959918886423111
0.0868590846657753
-0.646085798740387
-0.44205790758132935
0.6033479571342468
-0.0033068042248487473
0.03232033923268318
0.23688186705112457
0.2459622323513031
0.01233665645122528
0.7578225135803223
0.909852921962738
-0.3363901972770691
-0.22951310873031616
-0.5027439594268799
-0.5648350715637207
-0.43156731128692627
-0.7612698674201965
-1.5774039030075073
1.5710234642028809
-0.29657110571861267
-2.2613539695739746
0.542579710483551
0.19600699841976166
-0.33958032727241516
0.6904075145721436
