-0.011521660722792149
-0.009453870356082916
-0.2513866424560547
-0.028025001287460327
-0.21361662447452545
-0.2359071671962738
-0.14512917399406433
-0.2903674840927124
-0.2383681684732437
-0.003530824091285467
-0.2748640775680542
-0.4077664911746979
-0.28737810254096985
-0.3017229735851288
-0.23839695751667023
-0.22171340882778168
-0.2880285382270813
-0.1837787628173828
-0.14196422696113586
-0.2899472117424011
-0.326799601316452
-0.15075922012329102
-0.12451058626174927
-0.3598482310771942
-0.19080813229084015
-0.19342978298664093
-0.2562934458255768
-0.22017902135849
-0.236449733376503
-0.09797726571559906
-0.00604583416134119
0.04364731162786484
-0.17085735499858856
-0.30290839076042175
-0.26654890179634094
-0.24421097338199615
-0.25131455063819885
-0.010704013518989086
-0.14269345998764038
-0.328890860080719
-0.005803534761071205
-0.03452911227941513
-0.19955724477767944
-0.0021868539042770863
-0.13286060094833374
-0.005947325378656387
-0.1711759865283966
-0.340163916349411
-0.01316682156175375
-0.28629934787750244
-0.4147232174873352
-0.37039875984191895
-0.2478208988904953
-0.18609166145324707
-0.3460391163825989
-0.16411450505256653
-0.3448311984539032
-0.06589112430810928
-0.2717543840408325
-0.36924418807029724
-0.2544471025466919
-0.24763669073581696
-0.37029513716697693
-0.122063547372818
-0.19976961612701416
-0.2286880612373352
-0.28524860739707947
-0.15969030559062958
-0.2355370968580246
-0.3549591302871704
-0.17417459189891815
-0.16086222231388092
-0.4453396201133728
-0.2940571904182434
-0.214882493019104
-0.2899579107761383
-0.29991793632507324
-0.4085094928741455
-0.0037649590522050858
-0.4852381646633148
-0.2808980941772461
-0.4386746883392334
-0.007036217488348484
-0.4327374994754791
-0.2705383598804474
-0.17875541746616364
-0.021561624482274055
-0.23245956003665924
-0.1850215643644333
-0.14772532880306244
-0.3131265640258789
0.001439012703485787
-0.222860187292099
-0.006700102239847183
-0.1786804050207138
-0.006897525861859322
-0.2614187002182007
-0.005052847322076559
-0.31643161177635193
-0.16756390035152435
-0.40553873777389526
-0.15090884268283844
-0.052893251180648804
-0.030280595645308495
-0.18746817111968994
-0.14681877195835114
-0.2556150257587433
-0.00021442174329422414
-0.012455064803361893
-0.008107869885861874
-0.41848447918891907
-0.12912318110466003
-0.23920857906341553
-0.351686030626297
-0.179115429520607
-0.1329180747270584
-0.23218289017677307
-0.061200954020023346
-0.11555743217468262
-0.29847732186317444
-0.17278341948986053
-0.3822583258152008
-0.04991050437092781
-0.20312121510505676
-0.4449298679828644
-0.11790096759796143
-0.10004467517137527
-0.12221357226371765
-0.20368389785289764
-0.19140486419200897
-0.3112954795360565
-0.052749522030353546
-0.18796177208423615
-0.33180609345436096
-0.007075664587318897
-0.005417296662926674
-0.0948668122291565
-0.29632478952407837
-0.14953936636447906
-0.12624317407608032
-0.21723780035972595
-0.3061319589614868
-0.08122822642326355
-0.006441634614020586
-0.007708042394369841
-0.183133065700531
-0.25286754965782166
-0.002998290117830038
-0.07397104054689407
-0.23831601440906525
-0.3535102307796478
-0.33191490173339844
-0.2622932195663452
-0.15471212565898895
-0.1568218171596527
-0.08108549565076828
-0.4129129946231842
-0.1727716326713562
-0.13119977712631226
-0.14262688159942627
-0.003701637964695692
-0.41916704177856445
-0.3848245143890381
-0.10121763497591019
-0.34354618191719055
-0.270415335893631
-0.007117496803402901
-0.2539554834365845
-0.006008254364132881
-0.010860198177397251
-0.055528707802295685
-0.14380638301372528
-0.07880603522062302
-0.2513798177242279
-0.19927342236042023
-0.18281574547290802
-0.12595996260643005
-0.3234667479991913
-0.0959019586443901
-0.2177986204624176
-0.5221230387687683
-0.23774610459804535
-0.17255984246730804
-0.008045939728617668
-0.22711649537086487
-0.26610419154167175
-0.2605096101760864
-0.1687728762626648
-0.11627811193466187
-0.004550294019281864
-0.07405776530504227
-0.28753530979156494
-0.21144048869609833
-0.131966695189476
-0.0023088278248906136
-0.29033544659614563
-0.1888916939496994
-0.0040468317456543446
-0.16491669416427612
-0.15079377591609955
-0.004970823880285025
-0.3336227536201477
-0.18844342231750488
-0.12478689849376678
-0.007563058286905289
-0.32290729880332947
-0.00872742384672165
-0.3235127925872803
-0.008956893347203732
-0.07173178344964981
-0.28728118538856506
-0.20315983891487122
-0.01033729873597622
-0.35823240876197815
-0.2714991271495819
-0.1009524017572403
-0.28564178943634033
-0.10530218482017517
-0.12640735507011414
-0.4497474730014801
-0.3543456196784973
-0.2945294976234436
-0.26542598009109497
-0.14187173545360565
-0.2735536992549896
-0.21901817619800568
-0.012982108630239964
-0.006356440484523773
-0.34423306584358215
-0.3683389723300934
-0.49067923426628113
0.012377849780023098
-0.4624157249927521
-0.24450302124023438
-0.5170999765396118
-0.004096922464668751
-0.07579424232244492
-0.30726802349090576
-0.17432884871959686
-0.37340691685676575
-0.19571904838085175
-0.15851949155330658
-0.05309836193919182
-0.18528881669044495
-0.2668337821960449
-0.23435549437999725
-0.08877632021903992
-0.1568431705236435
-0.2866712212562561
-0.006807558238506317
-0.0272197388112545
-0.35072627663612366
-0.1087251752614975
-0.21995209157466888
-0.2796551287174225
-0.0015667065745219588
