2.340552964597009e-05
4.740178701467812e-05
0.060624346137046814
0.0011794936144724488
0.06495451182126999
0.06082417070865631
0.014592931605875492
0.03163788095116615
0.06903060525655746
6.919248335179873e-06
0.043845538049936295
0.04477744176983833
0.04340934753417969
0.05461011454463005
0.03964019566774368
0.03828861936926842
0.09615161269903183
0.02092825621366501
0.04244675487279892
0.04245947673916817
0.052272263914346695
0.026896359398961067
0.02636037953197956
0.04589686915278435
0.0652998685836792
0.047958459705114365
0.05582398921251297
0.044494230300188065
0.04686817154288292
0.012175483629107475
6.814611424488248e-06
0.11809134483337402
0.04650901257991791
0.042790353298187256
0.028488673269748688
0.033308934420347214
0.060759738087654114
5.528959081857465e-05
0.032435476779937744
0.03353650122880936
0.0001306726917391643
0.0019856742583215237
0.03850484639406204
1.8847869796445593e-05
0.05075005441904068
5.5681932281004265e-05
0.026432448998093605
0.03578108921647072
4.374989657662809e-05
0.044905878603458405
0.04423242807388306
0.05790547654032707
0.04535769298672676
0.023444578051567078
0.030351627618074417
0.055234454572200775
0.05315635725855827
0.13210874795913696
0.044334616512060165
0.063411645591259
0.04604564607143402
0.06098877266049385
0.03769172355532646
0.011406497098505497
0.03954225778579712
0.051066216081380844
0.052735526114702225
0.0762428417801857
0.0556577630341053
0.06240183487534523
0.055526237934827805
0.05469920486211777
0.05132266879081726
0.04204022139310837
0.04642321169376373
0.04906001314520836
0.052119914442300797
0.046330686658620834
1.1045609426219016e-05
0.06876552104949951
0.05780475586652756
0.05914190411567688
8.018752851057798e-06
0.061877571046352386
0.06753961741924286
0.05109483748674393
0.0013939172495156527
0.045729346573352814
0.13447439670562744
0.12039928138256073
0.0713391825556755
0.04734472185373306
0.06597989797592163
5.5776275985408574e-05
0.01668250933289528
3.7870468077016994e-05
0.027710644528269768
1.3697143003810197e-05
0.048868246376514435
0.0389227531850338
0.0510043166577816
0.018182864412665367
0.006305686663836241
0.0057404907420277596
0.026807893067598343
0.06291422247886658
0.02766880951821804
0.1161261573433876
0.002924808766692877
0.00012563362543005496
0.053065553307533264
0.05534467101097107
0.03519995138049126
0.03669068217277527
0.018158752471208572
0.049569834023714066
0.08834582567214966
0.02502547949552536
0.014881596900522709
0.05643559619784355
0.08117696642875671
0.040653228759765625
0.19297485053539276
0.03931468352675438
0.05083334818482399
0.04186210036277771
0.0249642301350832
0.05447416007518768
0.028935957700014114
0.04037640616297722
0.047772862017154694
0.06091051548719406
0.029327845200896263
0.049267400056123734
3.690565063152462e-05
2.890308496716898e-05
0.055984098464250565
0.03413942828774452
0.04470415785908699
0.019220007583498955
0.03560036048293114
0.03659509867429733
0.06931725889444351
2.6340188924223185e-05
4.078005440533161e-05
0.05950450524687767
0.02403116598725319
7.1037466113921255e-06
0.04678208753466606
0.040753625333309174
0.11039669066667557
0.05847014859318733
0.1039271280169487
0.0769190862774849
0.047569435089826584
0.07332766801118851
0.056421611458063126
0.025208869948983192
0.03488202020525932
0.07035154104232788
2.6738212909549475e-05
0.0903339758515358
0.04930642247200012
0.016325047239661217
0.050338637083768845
0.02172829955816269
2.0944298739777878e-05
0.11408475786447525
4.707238986156881e-05
1.8408074538456276e-05
0.01026821043342352
0.052843064069747925
0.0682113915681839
0.05293923616409302
0.031984150409698486
0.05982637032866478
0.027434170246124268
0.05459960922598839
0.05943684279918671
0.08407703787088394
0.0542428083717823
0.020997406914830208
0.04995584487915039
3.655953332781792e-05
0.028426824137568474
0.04897536337375641
0.048301659524440765
0.05753028392791748
0.08040745556354523
2.8269776521483436e-05
0.016383104026317596
0.037407711148262024
0.05634472519159317
0.05965190753340721
2.481686169630848e-05
0.052632272243499756
0.05019298568367958
1.2570139915624168e-05
0.046440109610557556
0.053567659109830856
1.2759111996274441e-05
0.0891716480255127
0.06294789165258408
0.05020284280180931
1.650934063945897e-05
0.07469956576824188
5.647417492582463e-05
0.046908218413591385
3.068120713578537e-05
0.08056674897670746
0.03524447977542877
0.032555997371673584
1.8699698557611555e-05
0.041888538748025894
0.051174283027648926
0.01864602044224739
0.03769960626959801
0.060513582080602646
0.05870085209608078
0.038466621190309525
0.039544329047203064
0.034480415284633636
0.035135116428136826
0.06077076494693756
0.057596661150455475
0.07820510864257812
5.878534648218192e-05
2.0050596504006535e-05
0.0512177012860775
0.03980765491724014
0.043736834079027176
0.09134028851985931
0.0599336102604866
0.09369394183158875
0.0818164050579071
1.7270907846977934e-05
0.010003712028265
0.03617081046104431
0.026231124997138977
0.03927430883049965
0.02788163162767887
0.05096696317195892
0.005244696047157049
0.05688442662358284
0.10159642994403839
0.07938689738512039
0.016352232545614243
0.05236206576228142
0.02873525395989418
5.699290704797022e-05
0.07892351597547531
0.050010524690151215
0.040169648826122284
0.04016808792948723
0.047503843903541565
0.05215750262141228
