1.36675226688385
0.3672494888305664
0.21799983084201813
0.30143195390701294
-0.22726602852344513
0.5754376649856567
1.0339840650558472
-0.4252178966999054
0.5644451975822449
-0.5886006951332092
-0.4406026005744934
0.7234261631965637
-0.7753547430038452
-0.27972522377967834
0.5145965218544006
-0.6975145936012268
0.4671723246574402
0.9510974287986755
-0.31026551127433777
-1.057262897491455
0.7310874462127686
-1.1475425958633423
-0.6176279783248901
-0.4672733545303345
-0.5202438831329346
-0.8089762926101685
-0.4033629298210144
-0.5477593541145325
-0.7108896374702454
-0.30454882979393005
-0.4376736283302307
-0.42010265588760376
