-1.4282712936401367
-0.0003807547327596694
1.2694780826568604
1.496388554573059
-9.634817979531363e-05
-0.00027567215147428215
1.2392750978469849
0.001028803177177906
0.9639099836349487
-1.0757678747177124
1.2057619094848633
-1.5730664730072021
1.3238625526428223
-1.1375312805175781
1.5875071287155151
-1.2867997884750366
-1.6609045267105103
-0.002733785193413496
-0.23169858753681183
-0.004205531906336546
0.43091580271720886
0.0006150029948912561
1.3115665912628174
0.9761025309562683
-0.0003603768418543041
-0.7066060304641724
-0.6176974177360535
0.6308133006095886
-0.600149393081665
-1.261025071144104
1.3922266960144043
-1.547275185585022
1.5990840196609497
1.2782973051071167
0.0015816359082236886
-1.3234606981277466
-0.97273850440979
-0.0012379053514450788
1.6036380529403687
0.7104648947715759
-0.46282386779785156
-0.6540387868881226
1.327042818069458
-0.00024666503304615617
1.256081461906433
1.0858203172683716
0.0008849191362969577
0.8506433367729187
1.3983546495437622
-0.0003574018192011863
-0.7748604416847229
-1.2960690259933472
-1.274717926979065
0.47769293189048767
0.02174229361116886
0.013247715309262276
-1.2282215356826782
0.00018062291201204062
-1.0604809522628784
-1.2924515008926392
-0.5727401971817017
1.2537196198536549e-05
-1.1656800508499146
-0.3316030502319336
0.030303413048386574
0.03765863552689552
0.0023390878923237324
-0.001713580684736371
-0.00047186369192786515
0.48375463485717773
0.0006012330413796008
-0.001338562578894198
-0.23180048167705536
0.0006074223783798516
-0.5783290863037109
-1.2720065116882324
0.0005847240099683404
-0.08923029154539108
0.06632588058710098
0.0012546010548248887
-1.5416499376296997
-0.03508150950074196
1.3137695789337158
0.30662208795547485
-1.4500243663787842
0.08458572626113892
-0.021586230024695396
-0.43799588084220886
-0.35045167803764343
-0.46391594409942627
0.08561914414167404
1.2610571384429932
-0.008168716914951801
-6.29406567895785e-05
-0.11033309996128082
0.010950730182230473
-0.0012864111922681332
-0.004724358674138784
-0.00025221865507774055
-0.0022254185751080513
-0.0024255753960460424
-0.0011424841359257698
-0.021265778690576553
-0.018567146733403206
1.0544261385803111e-05
7.375737914117053e-05
-0.0018422319553792477
0.022200986742973328
0.49423080682754517
0.0005104689626023173
-0.02256217785179615
-1.3883346319198608
-0.1487559974193573
-1.2152608633041382
-0.439491331577301
-0.00016969481657724828
1.2503962516784668
0.006475852336734533
-0.0005765081732533872
-0.8752592206001282
-0.0007294119568541646
-0.004435703624039888
9.201195643981919e-05
0.03256427124142647
-0.007813924923539162
-1.2786232233047485
-0.00039319926872849464
0.0010374822886660695
