0.0035438761115074158
-0.002188346115872264
-0.44544437527656555
0.1009591743350029
-0.3827057480812073
0.3823944330215454
-0.23877398669719696
0.35505756735801697
-0.4380020797252655
-0.00029862328665331006
0.3503713011741638
-0.41089603304862976
0.3550105690956116
-0.35921144485473633
0.33287590742111206
-0.3746275305747986
-0.4629860520362854
0.26135796308517456
0.3265923261642456
0.373583048582077
0.3932653069496155
0.31159093976020813
-0.3124234080314636
-0.35363057255744934
0.41072654724121094
-0.3762318193912506
0.3875473141670227
0.33391982316970825
0.32393887639045715
-0.23969346284866333
0.0023119482211768627
0.3865419328212738
-0.33629998564720154
0.40117284655570984
0.3358744978904724
-0.34882575273513794
0.40874794125556946
0.002853205893188715
-0.3048804998397827
0.341709166765213
-0.03683732450008392
-0.11124680936336517
-0.3074761629104614
-0.00014888099394738674
0.28320643305778503
0.012723826803267002
0.33141523599624634
-0.42339417338371277
-0.0015313063049688935
-0.38634970784187317
0.38637495040893555
-0.4417678117752075
0.3589078187942505
-0.2805188000202179
0.2865155339241028
-0.37984779477119446
-0.3810576796531677
-0.4413156509399414
0.3954913020133972
-0.44043317437171936
0.37754037976264954
0.36010482907295227
-0.3980249762535095
-0.22845537960529327
0.34237560629844666
-0.32266145944595337
-0.35584256052970886
-0.44682973623275757
0.3371141254901886
0.43366578221321106
-0.3800677955150604
-0.3625607490539551
0.4425462782382965
0.33197784423828125
0.38198429346084595
-0.36736026406288147
-0.33062130212783813
0.40413898229599
-0.00025423031183891
-0.48690348863601685
0.4309203028678894
-0.34998130798339844
-0.0019438815070316195
-0.4825212061405182
0.41274166107177734
0.3641393184661865
0.09801052510738373
-0.37283438444137573
0.6895421743392944
0.44372430443763733
-0.4155576229095459
-0.3229953348636627
0.41699936985969543
0.0012398745166137815
-0.2468215376138687
-0.019222082570195198
-0.33450987935066223
0.0004833044658880681
-0.3613632023334503
-0.3412646949291229
0.41397976875305176
-0.25484123826026917
-0.18742255866527557
0.18025915324687958
0.29431864619255066
-0.375104695558548
-0.3197380006313324
-0.20126207172870636
-0.006113461218774319
0.005874238442629576
-0.41222310066223145
0.3409079313278198
-0.3402465879917145
-0.3462372422218323
-0.2584765553474426
-0.3658064007759094
0.4146483838558197
0.2639528214931488
0.22310231626033783
0.42860326170921326
0.43985283374786377
0.3994883596897125
-0.15923723578453064
-0.3769603967666626
0.4530562460422516
0.3339672386646271
-0.29302355647087097
0.3603106439113617
0.2821027934551239
-0.3845955431461334
0.40852415561676025
0.3483498990535736
0.3014417588710785
0.411365807056427
0.001524327672086656
-0.001393762300722301
0.3182009160518646
-0.30247431993484497
-0.3262336552143097
-0.2602531313896179
-0.30234548449516296
-0.3576817512512207
0.3801046907901764
-0.0033725970424711704
0.0002476608788128942
0.3825361132621765
-0.2584909498691559
0.000497187371365726
-0.33474424481391907
-0.3272913992404938
-0.5323050618171692
0.40780365467071533
-0.4280785322189331
0.4095908999443054
-0.37733185291290283
-0.4251241981983185
-0.4201543927192688
0.2970336377620697
0.2781201899051666
0.3521949350833893
0.0066221957094967365
-0.5075639486312866
-0.45503684878349304
-0.2442353367805481
0.362246036529541
-0.2860933840274811
-0.0016816051211208105
0.4892350137233734
0.0005443869158625603
0.008147641085088253
0.2043854147195816
-0.35552647709846497
-0.38182926177978516
0.38078567385673523
-0.30839014053344727
-0.3249172866344452
0.29519566893577576
-0.40823885798454285
0.3352128863334656
0.40989992022514343
-0.42352810502052307
0.28387948870658875
-0.3127371072769165
-0.004491723142564297
0.30775707960128784
-0.35879895091056824
0.3475985527038574
-0.37112921476364136
-0.43291041254997253
-0.0006821986753493547
0.2637481987476349
0.322388619184494
-0.411906361579895
-0.37781283259391785
0.000662483274936676
0.3810321092605591
-0.4121219217777252
0.00044638465624302626
0.3593260645866394
0.3968276083469391
-0.0015660771168768406
-0.4469594657421112
0.34419742226600647
0.3579755127429962
0.0007588399457745254
-0.4735416769981384
-0.0012644188245758414
-0.38241857290267944
-0.0026484287809580564
0.4070660173892975
0.32262784242630005
-0.2909473180770874
0.004041942302137613
-0.3507559299468994
-0.41353705525398254
0.28796449303627014
-0.38372063636779785
0.3660583198070526
-0.40014153718948364
-0.36334794759750366
-0.37278294563293457
0.3148544132709503
-0.35743269324302673
-0.3473626673221588
-0.4131547510623932
-0.40895435214042664
0.014774786308407784
0.0012745853746309876
0.37046730518341064
0.36571821570396423
0.42117932438850403
-0.4085388779640198
0.5376796126365662
0.4428389370441437
-0.4846207797527313
0.0008696804288774729
0.20023608207702637
-0.37143659591674805
-0.30836620926856995
0.3780803084373474
-0.3020472824573517
-0.3488258719444275
-0.17515304684638977
-0.40202227234840393
0.5108963847160339
-0.49290186166763306
0.24021367728710175
0.31575870513916016
0.3310721218585968
-0.006304517854005098
-0.08690663427114487
0.3876122534275055
0.33255282044410706
0.33944401144981384
0.384011447429657
-0.26473578810691833
