-0.08752987533807755
0.004101352300494909
0.13431304693222046
0.22184984385967255
-0.0007119164220057428
-0.0018632840365171432
0.06739021837711334
-0.0031762660946696997
0.19210989773273468
0.06770037859678268
-0.019794592633843422
-0.22718308866024017
0.04244071990251541
-0.08912724256515503
0.19407567381858826
-0.11314178258180618
0.20528659224510193
-0.003214486874639988
-0.046818751841783524
0.001259615528397262
-0.06665793806314468
-0.0006098263547755778
0.07716551423072815
-0.059773508459329605
0.0018590621184557676
-0.021758107468485832
-0.03048483096063137
0.0013144661206752062
0.0546768382191658
-0.07850921154022217
0.17042164504528046
0.16658973693847656
0.13922390341758728
0.06763201206922531
0.004678487777709961
-0.09463824331760406
-0.09696165472269058
-0.004393305629491806
0.17353080213069916
-0.1383449137210846
0.01721002534031868
0.04165288805961609
0.09025690704584122
0.0017942379927262664
0.04171955958008766
0.040165308862924576
-0.0008540760027244687
-0.09688844531774521
0.046529121696949005
-0.0021092696115374565
-0.02117912285029888
-0.05542023852467537
0.022560928016901016
-0.07555476576089859
-0.00031606180709786713
-0.0020860573276877403
0.11697034537792206
0.004539922345429659
-0.1568351835012436
0.18206939101219177
0.10766252130270004
0.004547728691250086
-0.10195040702819824
-0.024435756728053093
-0.016175031661987305
-0.01479916088283062
-0.003622952615842223
-0.00013569452858064324
-0.0040192799642682076
-0.022626126185059547
0.0012389433104544878
-0.002721472643315792
0.033827658742666245
0.004803030751645565
0.0021362542174756527
0.015302111394703388
-0.0008593277889303863
0.010214810259640217
-0.008483604528009892
-0.0019487682729959488
-0.22402246296405792
0.005725204478949308
-0.011870943009853363
-0.005445505958050489
0.05477210879325867
0.3305741250514984
0.006674275733530521
-0.03625139966607094
0.04327854514122009
0.009242987260222435
-0.033106982707977295
-0.002832009457051754
-0.0001297432027058676
-0.009269025176763535
0.02896270528435707
0.005342679098248482
-0.001284899888560176
-0.005066062323749065
0.14441260695457458
-0.0012120630126446486
0.0023842756636440754
-0.004236967768520117
0.001978145446628332
0.0012126776855438948
9.941402822732925e-05
-0.004173722118139267
-0.0038074832409620285
9.51139663811773e-05
-0.05158286169171333
-0.0061683012172579765
0.005736981052905321
0.10973139852285385
-0.004666486289352179
0.048565614968538284
0.007907322607934475
0.0023843911476433277
0.11982309818267822
0.006299981381744146
-0.006269144359976053
0.04458488151431084
0.004549938719719648
-0.0032969589810818434
0.003913773223757744
-0.006722492631524801
0.0017501903930678964
0.15074343979358673
-0.0016319685382768512
0.0007102768286131322
