-0.27739912271499634
-0.4904294013977051
0.4892951548099518
0.4271935820579529
0.2392592877149582
0.45528048276901245
0.4823981523513794
0.4340992867946625
-0.5821013450622559
0.4500126838684082
0.4571911096572876
0.34145164489746094
0.44352853298187256
0.5005561709403992
-0.5819132924079895
0.40284886956214905
0.5161248445510864
-0.007608269341289997
0.2347763329744339
0.39740291237831116
0.5244022607803345
0.5230476260185242
-0.3029584288597107
0.3148142397403717
-0.49103277921676636
0.310893177986145
-0.7506223320960999
0.22219671308994293
-0.36848610639572144
0.4500825107097626
-0.5470733046531677
-0.589211106300354
-0.42578545212745667
0.3906435966491699
-0.3253871500492096
-0.5246344804763794
0.4559757709503174
-0.20866996049880981
-0.6372979283332825
0.576585054397583
-0.2827901542186737
-0.17140629887580872
0.522515594959259
-0.49374234676361084
0.2965056002140045
-0.041745539754629135
0.414448082447052
-0.25463196635246277
-0.27380406856536865
0.3787059783935547
-0.3995729386806488
0.30837464332580566
-0.5358902215957642
0.481112003326416
-0.3749319016933441
-0.6131914258003235
-0.08583641052246094
-0.43746352195739746
0.1999259740114212
-0.3410200774669647
0.48596152663230896
0.5167785882949829
0.4323046803474426
0.28848370909690857
