0.004635280463844538
0.005939317401498556
0.00689750537276268
0.0035331572871655226
0.016385648399591446
0.0028698635287582874
0.011243726126849651
0.0024308201391249895
0.01123813260346651
0.007964321412146091
0.008990968577563763
0.019355783239006996
0.00829129945486784
0.008181527256965637
0.00878420565277338
0.013553007505834103
0.004990453366190195
0.006733482703566551
0.00837700255215168
0.004914640914648771
0.034527529031038284
0.007245471701025963
0.008932799100875854
0.00959763117134571
0.010990897193551064
0.019132090732455254
0.031440917402505875
0.0033057595137506723
0.005430569872260094
0.007132663857191801
0.010623731650412083
0.01789589412510395
