0
8
16
24
32
40
48
56
64
1
9
17
25
33
41
49
57
65
2
10
18
26
34
42
50
58
66
3
11
19
27
35
43
51
59
67
4
12
20
28
36
44
52
60
68
5
13
21
29
37
45
53
61
69
6
14
22
30
38
46
54
62
70
7
15
23
31
39
47
55
63
71
576
584
592
600
608
616
624
632
640
577
585
593
601
609
617
625
633
641
578
586
594
602
610
618
626
634
642
579
587
595
603
611
619
627
635
643
580
588
596
604
612
620
628
636
644
581
589
597
605
613
621
629
637
645
582
590
598
606
614
622
630
638
646
583
591
599
607
615
623
631
639
647
72
80
88
96
104
112
120
128
136
73
81
89
97
105
113
121
129
137
74
82
90
98
106
114
122
130
138
75
83
91
99
107
115
123
131
139
76
84
92
100
108
116
124
132
140
77
85
93
101
109
117
125
133
141
78
86
94
102
110
118
126
134
142
79
87
95
103
111
119
127
135
143
648
656
664
672
680
688
696
704
712
649
657
665
673
681
689
697
705
713
650
658
666
674
682
690
698
706
714
651
659
667
675
683
691
699
707
715
652
660
668
676
684
692
700
708
716
653
661
669
677
685
693
701
709
717
654
662
670
678
686
694
702
710
718
655
663
671
679
687
695
703
711
719
144
152
160
168
176
184
192
200
208
145
153
161
169
177
185
193
201
209
146
154
162
170
178
186
194
202
210
147
155
163
171
179
187
195
203
211
148
156
164
172
180
188
196
204
212
149
157
165
173
181
189
197
205
213
150
158
166
174
182
190
198
206
214
151
159
167
175
183
191
199
207
215
720
728
736
744
752
760
768
776
784
721
729
737
745
753
761
769
777
785
722
730
738
746
754
762
770
778
786
723
731
739
747
755
763
771
779
787
724
732
740
748
756
764
772
780
788
725
733
741
749
757
765
773
781
789
726
734
742
750
758
766
774
782
790
727
735
743
751
759
767
775
783
791
216
224
232
240
248
256
264
272
280
217
225
233
241
249
257
265
273
281
218
226
234
242
250
258
266
274
282
219
227
235
243
251
259
267
275
283
220
228
236
244
252
260
268
276
284
221
229
237
245
253
261
269
277
285
222
230
238
246
254
262
270
278
286
223
231
239
247
255
263
271
279
287
792
800
808
816
824
832
840
848
856
793
801
809
817
825
833
841
849
857
794
802
810
818
826
834
842
850
858
795
803
811
819
827
835
843
851
859
796
804
812
820
828
836
844
852
860
797
805
813
821
829
837
845
853
861
798
806
814
822
830
838
846
854
862
799
807
815
823
831
839
847
855
863
288
296
304
312
320
328
336
344
352
289
297
305
313
321
329
337
345
353
290
298
306
314
322
330
338
346
354
291
299
307
315
323
331
339
347
355
292
300
308
316
324
332
340
348
356
293
301
309
317
325
333
341
349
357
294
302
310
318
326
334
342
350
358
295
303
311
319
327
335
343
351
359
864
872
880
888
896
904
912
920
928
865
873
881
889
897
905
913
921
929
866
874
882
890
898
906
914
922
930
867
875
883
891
899
907
915
923
931
868
876
884
892
900
908
916
924
932
869
877
885
893
901
909
917
925
933
870
878
886
894
902
910
918
926
934
871
879
887
895
903
911
919
927
935
360
368
376
384
392
400
408
416
424
361
369
377
385
393
401
409
417
425
362
370
378
386
394
402
410
418
426
363
371
379
387
395
403
411
419
427
364
372
380
388
396
404
412
420
428
365
373
381
389
397
405
413
421
429
366
374
382
390
398
406
414
422
430
367
375
383
391
399
407
415
423
431
936
944
952
960
968
976
984
992
1000
937
945
953
961
969
977
985
993
1001
938
946
954
962
970
978
986
994
1002
939
947
955
963
971
979
987
995
1003
940
948
956
964
972
980
988
996
1004
941
949
957
965
973
981
989
997
1005
942
950
958
966
974
982
990
998
1006
943
951
959
967
975
983
991
999
1007
432
440
448
456
464
472
480
488
496
433
441
449
457
465
473
481
489
497
434
442
450
458
466
474
482
490
498
435
443
451
459
467
475
483
491
499
436
444
452
460
468
476
484
492
500
437
445
453
461
469
477
485
493
501
438
446
454
462
470
478
486
494
502
439
447
455
463
471
479
487
495
503
1008
1016
1024
1032
1040
1048
1056
1064
1072
1009
1017
1025
1033
1041
1049
1057
1065
1073
1010
1018
1026
1034
1042
1050
1058
1066
1074
1011
1019
1027
1035
1043
1051
1059
1067
1075
1012
1020
1028
1036
1044
1052
1060
1068
1076
1013
1021
1029
1037
1045
1053
1061
1069
1077
1014
1022
1030
1038
1046
1054
1062
1070
1078
1015
1023
1031
1039
1047
1055
1063
1071
1079
504
512
520
528
536
544
552
560
568
505
513
521
529
537
545
553
561
569
506
514
522
530
538
546
554
562
570
507
515
523
531
539
547
555
563
571
508
516
524
532
540
548
556
564
572
509
517
525
533
541
549
557
565
573
510
518
526
534
542
550
558
566
574
511
519
527
535
543
551
559
567
575
1080
1088
1096
1104
1112
1120
1128
1136
1144
1081
1089
1097
1105
1113
1121
1129
1137
1145
1082
1090
1098
1106
1114
1122
1130
1138
1146
1083
1091
1099
1107
1115
1123
1131
1139
1147
1084
1092
1100
1108
1116
1124
1132
1140
1148
1085
1093
1101
1109
1117
1125
1133
1141
1149
1086
1094
1102
1110
1118
1126
1134
1142
1150
1087
1095
1103
1111
1119
1127
1135
1143
1151
1168
1176
1184
1192
1200
1208
1216
1224
1232
1169
1177
1185
1193
1201
1209
1217
1225
1233
1170
1178
1186
1194
1202
1210
1218
1226
1234
1171
1179
1187
1195
1203
1211
1219
1227
1235
1172
1180
1188
1196
1204
1212
1220
1228
1236
1173
1181
1189
1197
1205
1213
1221
1229
1237
1174
1182
1190
1198
1206
1214
1222
1230
1238
1175
1183
1191
1199
1207
1215
1223
1231
1239
1744
1752
1760
1768
1776
1784
1792
1800
1808
1745
1753
1761
1769
1777
1785
1793
1801
1809
1746
1754
1762
1770
1778
1786
1794
1802
1810
1747
1755
1763
1771
1779
1787
1795
1803
1811
1748
1756
1764
1772
1780
1788
1796
1804
1812
1749
1757
1765
1773
1781
1789
1797
1805
1813
1750
1758
1766
1774
1782
1790
1798
1806
1814
1751
1759
1767
1775
1783
1791
1799
1807
1815
1240
1248
1256
1264
1272
1280
1288
1296
1304
1241
1249
1257
1265
1273
1281
1289
1297
1305
1242
1250
1258
1266
1274
1282
1290
1298
1306
1243
1251
1259
1267
1275
1283
1291
1299
1307
1244
1252
1260
1268
1276
1284
1292
1300
1308
1245
1253
1261
1269
1277
1285
1293
1301
1309
1246
1254
1262
1270
1278
1286
1294
1302
1310
1247
1255
1263
1271
1279
1287
1295
1303
1311
1816
1824
1832
1840
1848
1856
1864
1872
1880
1817
1825
1833
1841
1849
1857
1865
1873
1881
1818
1826
1834
1842
1850
1858
1866
1874
1882
1819
1827
1835
1843
1851
1859
1867
1875
1883
1820
1828
1836
1844
1852
1860
1868
1876
1884
1821
1829
1837
1845
1853
1861
1869
1877
1885
1822
1830
1838
1846
1854
1862
1870
1878
1886
1823
1831
1839
1847
1855
1863
1871
1879
1887
1312
1320
1328
1336
1344
1352
1360
1368
1376
1313
1321
1329
1337
1345
1353
1361
1369
1377
1314
1322
1330
1338
1346
1354
1362
1370
1378
1315
1323
1331
1339
1347
1355
1363
1371
1379
1316
1324
1332
1340
1348
1356
1364
1372
1380
1317
1325
1333
1341
1349
1357
1365
1373
1381
1318
1326
1334
1342
1350
1358
1366
1374
1382
1319
1327
1335
1343
1351
1359
1367
1375
1383
1888
1896
1904
1912
1920
1928
1936
1944
1952
1889
1897
1905
1913
1921
1929
1937
1945
1953
1890
1898
1906
1914
1922
1930
1938
1946
1954
1891
1899
1907
1915
1923
1931
1939
1947
1955
1892
1900
1908
1916
1924
1932
1940
1948
1956
1893
1901
1909
1917
1925
1933
1941
1949
1957
1894
1902
1910
1918
1926
1934
1942
1950
1958
1895
1903
1911
1919
1927
1935
1943
1951
1959
1384
1392
1400
1408
1416
1424
1432
1440
1448
1385
1393
1401
1409
1417
1425
1433
1441
1449
1386
1394
1402
1410
1418
1426
1434
1442
1450
1387
1395
1403
1411
1419
1427
1435
1443
1451
1388
1396
1404
1412
1420
1428
1436
1444
1452
1389
1397
1405
1413
1421
1429
1437
1445
1453
1390
1398
1406
1414
1422
1430
1438
1446
1454
1391
1399
1407
1415
1423
1431
1439
1447
1455
1960
1968
1976
1984
1992
2000
2008
2016
2024
1961
1969
1977
1985
1993
2001
2009
2017
2025
1962
1970
1978
1986
1994
2002
2010
2018
2026
1963
1971
1979
1987
1995
2003
2011
2019
2027
1964
1972
1980
1988
1996
2004
2012
2020
2028
1965
1973
1981
1989
1997
2005
2013
2021
2029
1966
1974
1982
1990
1998
2006
2014
2022
2030
1967
1975
1983
1991
1999
2007
2015
2023
2031
1456
1464
1472
1480
1488
1496
1504
1512
1520
1457
1465
1473
1481
1489
1497
1505
1513
1521
1458
1466
1474
1482
1490
1498
1506
1514
1522
1459
1467
1475
1483
1491
1499
1507
1515
1523
1460
1468
1476
1484
1492
1500
1508
1516
1524
1461
1469
1477
1485
1493
1501
1509
1517
1525
1462
1470
1478
1486
1494
1502
1510
1518
1526
1463
1471
1479
1487
1495
1503
1511
1519
1527
2032
2040
2048
2056
2064
2072
2080
2088
2096
2033
2041
2049
2057
2065
2073
2081
2089
2097
2034
2042
2050
2058
2066
2074
2082
2090
2098
2035
2043
2051
2059
2067
2075
2083
2091
2099
2036
2044
2052
2060
2068
2076
2084
2092
2100
2037
2045
2053
2061
2069
2077
2085
2093
2101
2038
2046
2054
2062
2070
2078
2086
2094
2102
2039
2047
2055
2063
2071
2079
2087
2095
2103
1528
1536
1544
1552
1560
1568
1576
1584
1592
1529
1537
1545
1553
1561
1569
1577
1585
1593
1530
1538
1546
1554
1562
1570
1578
1586
1594
1531
1539
1547
1555
1563
1571
1579
1587
1595
1532
1540
1548
1556
1564
1572
1580
1588
1596
1533
1541
1549
1557
1565
1573
1581
1589
1597
1534
1542
1550
1558
1566
1574
1582
1590
1598
1535
1543
1551
1559
1567
1575
1583
1591
1599
2104
2112
2120
2128
2136
2144
2152
2160
2168
2105
2113
2121
2129
2137
2145
2153
2161
2169
2106
2114
2122
2130
2138
2146
2154
2162
2170
2107
2115
2123
2131
2139
2147
2155
2163
2171
2108
2116
2124
2132
2140
2148
2156
2164
2172
2109
2117
2125
2133
2141
2149
2157
2165
2173
2110
2118
2126
2134
2142
2150
2158
2166
2174
2111
2119
2127
2135
2143
2151
2159
2167
2175
1600
1608
1616
1624
1632
1640
1648
1656
1664
1601
1609
1617
1625
1633
1641
1649
1657
1665
1602
1610
1618
1626
1634
1642
1650
1658
1666
1603
1611
1619
1627
1635
1643
1651
1659
1667
1604
1612
1620
1628
1636
1644
1652
1660
1668
1605
1613
1621
1629
1637
1645
1653
1661
1669
1606
1614
1622
1630
1638
1646
1654
1662
1670
1607
1615
1623
1631
1639
1647
1655
1663
1671
2176
2184
2192
2200
2208
2216
2224
2232
2240
2177
2185
2193
2201
2209
2217
2225
2233
2241
2178
2186
2194
2202
2210
2218
2226
2234
2242
2179
2187
2195
2203
2211
2219
2227
2235
2243
2180
2188
2196
2204
2212
2220
2228
2236
2244
2181
2189
2197
2205
2213
2221
2229
2237
2245
2182
2190
2198
2206
2214
2222
2230
2238
2246
2183
2191
2199
2207
2215
2223
2231
2239
2247
1672
1680
1688
1696
1704
1712
1720
1728
1736
1673
1681
1689
1697
1705
1713
1721
1729
1737
1674
1682
1690
1698
1706
1714
1722
1730
1738
1675
1683
1691
1699
1707
1715
1723
1731
1739
1676
1684
1692
1700
1708
1716
1724
1732
1740
1677
1685
1693
1701
1709
1717
1725
1733
1741
1678
1686
1694
1702
1710
1718
1726
1734
1742
1679
1687
1695
1703
1711
1719
1727
1735
1743
2248
2256
2264
2272
2280
2288
2296
2304
2312
2249
2257
2265
2273
2281
2289
2297
2305
2313
2250
2258
2266
2274
2282
2290
2298
2306
2314
2251
2259
2267
2275
2283
2291
2299
2307
2315
2252
2260
2268
2276
2284
2292
2300
2308
2316
2253
2261
2269
2277
2285
2293
2301
2309
2317
2254
2262
2270
2278
2286
2294
2302
2310
2318
2255
2263
2271
2279
2287
2295
2303
2311
2319
2336
2344
2352
2360
2368
2376
2384
2392
2400
2337
2345
2353
2361
2369
2377
2385
2393
2401
2338
2346
2354
2362
2370
2378
2386
2394
2402
2339
2347
2355
2363
2371
2379
2387
2395
2403
2340
2348
2356
2364
2372
2380
2388
2396
2404
2341
2349
2357
2365
2373
2381
2389
2397
2405
2342
2350
2358
2366
2374
2382
2390
2398
2406
2343
2351
2359
2367
2375
2383
2391
2399
2407
2912
2920
2928
2936
2944
2952
2960
2968
2976
2913
2921
2929
2937
2945
2953
2961
2969
2977
2914
2922
2930
2938
2946
2954
2962
2970
2978
2915
2923
2931
2939
2947
2955
2963
2971
2979
2916
2924
2932
2940
2948
2956
2964
2972
2980
2917
2925
2933
2941
2949
2957
2965
2973
2981
2918
2926
2934
2942
2950
2958
2966
2974
2982
2919
2927
2935
2943
2951
2959
2967
2975
2983
2408
2416
2424
2432
2440
2448
2456
2464
2472
2409
2417
2425
2433
2441
2449
2457
2465
2473
2410
2418
2426
2434
2442
2450
2458
2466
2474
2411
2419
2427
2435
2443
2451
2459
2467
2475
2412
2420
2428
2436
2444
2452
2460
2468
2476
2413
2421
2429
2437
2445
2453
2461
2469
2477
2414
2422
2430
2438
2446
2454
2462
2470
2478
2415
2423
2431
2439
2447
2455
2463
2471
2479
2984
2992
3000
3008
3016
3024
3032
3040
3048
2985
2993
3001
3009
3017
3025
3033
3041
3049
2986
2994
3002
3010
3018
3026
3034
3042
3050
2987
2995
3003
3011
3019
3027
3035
3043
3051
2988
2996
3004
3012
3020
3028
3036
3044
3052
2989
2997
3005
3013
3021
3029
3037
3045
3053
2990
2998
3006
3014
3022
3030
3038
3046
3054
2991
2999
3007
3015
3023
3031
3039
3047
3055
2480
2488
2496
2504
2512
2520
2528
2536
2544
2481
2489
2497
2505
2513
2521
2529
2537
2545
2482
2490
2498
2506
2514
2522
2530
2538
2546
2483
2491
2499
2507
2515
2523
2531
2539
2547
2484
2492
2500
2508
2516
2524
2532
2540
2548
2485
2493
2501
2509
2517
2525
2533
2541
2549
2486
2494
2502
2510
2518
2526
2534
2542
2550
2487
2495
2503
2511
2519
2527
2535
2543
2551
3056
3064
3072
3080
3088
3096
3104
3112
3120
3057
3065
3073
3081
3089
3097
3105
3113
3121
3058
3066
3074
3082
3090
3098
3106
3114
3122
3059
3067
3075
3083
3091
3099
3107
3115
3123
3060
3068
3076
3084
3092
3100
3108
3116
3124
3061
3069
3077
3085
3093
3101
3109
3117
3125
3062
3070
3078
3086
3094
3102
3110
3118
3126
3063
3071
3079
3087
3095
3103
3111
3119
3127
2552
2560
2568
2576
2584
2592
2600
2608
2616
2553
2561
2569
2577
2585
2593
2601
2609
2617
2554
2562
2570
2578
2586
2594
2602
2610
2618
2555
2563
2571
2579
2587
2595
2603
2611
2619
2556
2564
2572
2580
2588
2596
2604
2612
2620
2557
2565
2573
2581
2589
2597
2605
2613
2621
2558
2566
2574
2582
2590
2598
2606
2614
2622
2559
2567
2575
2583
2591
2599
2607
2615
2623
3128
3136
3144
3152
3160
3168
3176
3184
3192
3129
3137
3145
3153
3161
3169
3177
3185
3193
3130
3138
3146
3154
3162
3170
3178
3186
3194
3131
3139
3147
3155
3163
3171
3179
3187
3195
3132
3140
3148
3156
3164
3172
3180
3188
3196
3133
3141
3149
3157
3165
3173
3181
3189
3197
3134
3142
3150
3158
3166
3174
3182
3190
3198
3135
3143
3151
3159
3167
3175
3183
3191
3199
2624
2632
2640
2648
2656
2664
2672
2680
2688
2625
2633
2641
2649
2657
2665
2673
2681
2689
2626
2634
2642
2650
2658
2666
2674
2682
2690
2627
2635
2643
2651
2659
2667
2675
2683
2691
2628
2636
2644
2652
2660
2668
2676
2684
2692
2629
2637
2645
2653
2661
2669
2677
2685
2693
2630
2638
2646
2654
2662
2670
2678
2686
2694
2631
2639
2647
2655
2663
2671
2679
2687
2695
3200
3208
3216
3224
3232
3240
3248
3256
3264
3201
3209
3217
3225
3233
3241
3249
3257
3265
3202
3210
3218
3226
3234
3242
3250
3258
3266
3203
3211
3219
3227
3235
3243
3251
3259
3267
3204
3212
3220
3228
3236
3244
3252
3260
3268
3205
3213
3221
3229
3237
3245
3253
3261
3269
3206
3214
3222
3230
3238
3246
3254
3262
3270
3207
3215
3223
3231
3239
3247
3255
3263
3271
2696
2704
2712
2720
2728
2736
2744
2752
2760
2697
2705
2713
2721
2729
2737
2745
2753
2761
2698
2706
2714
2722
2730
2738
2746
2754
2762
2699
2707
2715
2723
2731
2739
2747
2755
2763
2700
2708
2716
2724
2732
2740
2748
2756
2764
2701
2709
2717
2725
2733
2741
2749
2757
2765
2702
2710
2718
2726
2734
2742
2750
2758
2766
2703
2711
2719
2727
2735
2743
2751
2759
2767
3272
3280
3288
3296
3304
3312
3320
3328
3336
3273
3281
3289
3297
3305
3313
3321
3329
3337
3274
3282
3290
3298
3306
3314
3322
3330
3338
3275
3283
3291
3299
3307
3315
3323
3331
3339
3276
3284
3292
3300
3308
3316
3324
3332
3340
3277
3285
3293
3301
3309
3317
3325
3333
3341
3278
3286
3294
3302
3310
3318
3326
3334
3342
3279
3287
3295
3303
3311
3319
3327
3335
3343
2768
2776
2784
2792
2800
2808
2816
2824
2832
2769
2777
2785
2793
2801
2809
2817
2825
2833
2770
2778
2786
2794
2802
2810
2818
2826
2834
2771
2779
2787
2795
2803
2811
2819
2827
2835
2772
2780
2788
2796
2804
2812
2820
2828
2836
2773
2781
2789
2797
2805
2813
2821
2829
2837
2774
2782
2790
2798
2806
2814
2822
2830
2838
2775
2783
2791
2799
2807
2815
2823
2831
2839
3344
3352
3360
3368
3376
3384
3392
3400
3408
3345
3353
3361
3369
3377
3385
3393
3401
3409
3346
3354
3362
3370
3378
3386
3394
3402
3410
3347
3355
3363
3371
3379
3387
3395
3403
3411
3348
3356
3364
3372
3380
3388
3396
3404
3412
3349
3357
3365
3373
3381
3389
3397
3405
3413
3350
3358
3366
3374
3382
3390
3398
3406
3414
3351
3359
3367
3375
3383
3391
3399
3407
3415
2840
2848
2856
2864
2872
2880
2888
2896
2904
2841
2849
2857
2865
2873
2881
2889
2897
2905
2842
2850
2858
2866
2874
2882
2890
2898
2906
2843
2851
2859
2867
2875
2883
2891
2899
2907
2844
2852
2860
2868
2876
2884
2892
2900
2908
2845
2853
2861
2869
2877
2885
2893
2901
2909
2846
2854
2862
2870
2878
2886
2894
2902
2910
2847
2855
2863
2871
2879
2887
2895
2903
2911
3416
3424
3432
3440
3448
3456
3464
3472
3480
3417
3425
3433
3441
3449
3457
3465
3473
3481
3418
3426
3434
3442
3450
3458
3466
3474
3482
3419
3427
3435
3443
3451
3459
3467
3475
3483
3420
3428
3436
3444
3452
3460
3468
3476
3484
3421
3429
3437
3445
3453
3461
3469
3477
3485
3422
3430
3438
3446
3454
3462
3470
3478
3486
3423
3431
3439
3447
3455
3463
3471
3479
3487
3504
3512
3520
3528
3536
3544
3552
3560
3568
3505
3513
3521
3529
3537
3545
3553
3561
3569
3506
3514
3522
3530
3538
3546
3554
3562
3570
3507
3515
3523
3531
3539
3547
3555
3563
3571
3508
3516
3524
3532
3540
3548
3556
3564
3572
3509
3517
3525
3533
3541
3549
3557
3565
3573
3510
3518
3526
3534
3542
3550
3558
3566
3574
3511
3519
3527
3535
3543
3551
3559
3567
3575
4080
4088
4096
4104
4112
4120
4128
4136
4144
4081
4089
4097
4105
4113
4121
4129
4137
4145
4082
4090
4098
4106
4114
4122
4130
4138
4146
4083
4091
4099
4107
4115
4123
4131
4139
4147
4084
4092
4100
4108
4116
4124
4132
4140
4148
4085
4093
4101
4109
4117
4125
4133
4141
4149
4086
4094
4102
4110
4118
4126
4134
4142
4150
4087
4095
4103
4111
4119
4127
4135
4143
4151
3576
3584
3592
3600
3608
3616
3624
3632
3640
3577
3585
3593
3601
3609
3617
3625
3633
3641
3578
3586
3594
3602
3610
3618
3626
3634
3642
3579
3587
3595
3603
3611
3619
3627
3635
3643
3580
3588
3596
3604
3612
3620
3628
3636
3644
3581
3589
3597
3605
3613
3621
3629
3637
3645
3582
3590
3598
3606
3614
3622
3630
3638
3646
3583
3591
3599
3607
3615
3623
3631
3639
3647
4152
4160
4168
4176
4184
4192
4200
4208
4216
4153
4161
4169
4177
4185
4193
4201
4209
4217
4154
4162
4170
4178
4186
4194
4202
4210
4218
4155
4163
4171
4179
4187
4195
4203
4211
4219
4156
4164
4172
4180
4188
4196
4204
4212
4220
4157
4165
4173
4181
4189
4197
4205
4213
4221
4158
4166
4174
4182
4190
4198
4206
4214
4222
4159
4167
4175
4183
4191
4199
4207
4215
4223
3648
3656
3664
3672
3680
3688
3696
3704
3712
3649
3657
3665
3673
3681
3689
3697
3705
3713
3650
3658
3666
3674
3682
3690
3698
3706
3714
3651
3659
3667
3675
3683
3691
3699
3707
3715
3652
3660
3668
3676
3684
3692
3700
3708
3716
3653
3661
3669
3677
3685
3693
3701
3709
3717
3654
3662
3670
3678
3686
3694
3702
3710
3718
3655
3663
3671
3679
3687
3695
3703
3711
3719
4224
4232
4240
4248
4256
4264
4272
4280
4288
4225
4233
4241
4249
4257
4265
4273
4281
4289
4226
4234
4242
4250
4258
4266
4274
4282
4290
4227
4235
4243
4251
4259
4267
4275
4283
4291
4228
4236
4244
4252
4260
4268
4276
4284
4292
4229
4237
4245
4253
4261
4269
4277
4285
4293
4230
4238
4246
4254
4262
4270
4278
4286
4294
4231
4239
4247
4255
4263
4271
4279
4287
4295
3720
3728
3736
3744
3752
3760
3768
3776
3784
3721
3729
3737
3745
3753
3761
3769
3777
3785
3722
3730
3738
3746
3754
3762
3770
3778
3786
3723
3731
3739
3747
3755
3763
3771
3779
3787
3724
3732
3740
3748
3756
3764
3772
3780
3788
3725
3733
3741
3749
3757
3765
3773
3781
3789
3726
3734
3742
3750
3758
3766
3774
3782
3790
3727
3735
3743
3751
3759
3767
3775
3783
3791
4296
4304
4312
4320
4328
4336
4344
4352
4360
4297
4305
4313
4321
4329
4337
4345
4353
4361
4298
4306
4314
4322
4330
4338
4346
4354
4362
4299
4307
4315
4323
4331
4339
4347
4355
4363
4300
4308
4316
4324
4332
4340
4348
4356
4364
4301
4309
4317
4325
4333
4341
4349
4357
4365
4302
4310
4318
4326
4334
4342
4350
4358
4366
4303
4311
4319
4327
4335
4343
4351
4359
4367
3792
3800
3808
3816
3824
3832
3840
3848
3856
3793
3801
3809
3817
3825
3833
3841
3849
3857
3794
3802
3810
3818
3826
3834
3842
3850
3858
3795
3803
3811
3819
3827
3835
3843
3851
3859
3796
3804
3812
3820
3828
3836
3844
3852
3860
3797
3805
3813
3821
3829
3837
3845
3853
3861
3798
3806
3814
3822
3830
3838
3846
3854
3862
3799
3807
3815
3823
3831
3839
3847
3855
3863
4368
4376
4384
4392
4400
4408
4416
4424
4432
4369
4377
4385
4393
4401
4409
4417
4425
4433
4370
4378
4386
4394
4402
4410
4418
4426
4434
4371
4379
4387
4395
4403
4411
4419
4427
4435
4372
4380
4388
4396
4404
4412
4420
4428
4436
4373
4381
4389
4397
4405
4413
4421
4429
4437
4374
4382
4390
4398
4406
4414
4422
4430
4438
4375
4383
4391
4399
4407
4415
4423
4431
4439
3864
3872
3880
3888
3896
3904
3912
3920
3928
3865
3873
3881
3889
3897
3905
3913
3921
3929
3866
3874
3882
3890
3898
3906
3914
3922
3930
3867
3875
3883
3891
3899
3907
3915
3923
3931
3868
3876
3884
3892
3900
3908
3916
3924
3932
3869
3877
3885
3893
3901
3909
3917
3925
3933
3870
3878
3886
3894
3902
3910
3918
3926
3934
3871
3879
3887
3895
3903
3911
3919
3927
3935
4440
4448
4456
4464
4472
4480
4488
4496
4504
4441
4449
4457
4465
4473
4481
4489
4497
4505
4442
4450
4458
4466
4474
4482
4490
4498
4506
4443
4451
4459
4467
4475
4483
4491
4499
4507
4444
4452
4460
4468
4476
4484
4492
4500
4508
4445
4453
4461
4469
4477
4485
4493
4501
4509
4446
4454
4462
4470
4478
4486
4494
4502
4510
4447
4455
4463
4471
4479
4487
4495
4503
4511
3936
3944
3952
3960
3968
3976
3984
3992
4000
3937
3945
3953
3961
3969
3977
3985
3993
4001
3938
3946
3954
3962
3970
3978
3986
3994
4002
3939
3947
3955
3963
3971
3979
3987
3995
4003
3940
3948
3956
3964
3972
3980
3988
3996
4004
3941
3949
3957
3965
3973
3981
3989
3997
4005
3942
3950
3958
3966
3974
3982
3990
3998
4006
3943
3951
3959
3967
3975
3983
3991
3999
4007
4512
4520
4528
4536
4544
4552
4560
4568
4576
4513
4521
4529
4537
4545
4553
4561
4569
4577
4514
4522
4530
4538
4546
4554
4562
4570
4578
4515
4523
4531
4539
4547
4555
4563
4571
4579
4516
4524
4532
4540
4548
4556
4564
4572
4580
4517
4525
4533
4541
4549
4557
4565
4573
4581
4518
4526
4534
4542
4550
4558
4566
4574
4582
4519
4527
4535
4543
4551
4559
4567
4575
4583
4008
4016
4024
4032
4040
4048
4056
4064
4072
4009
4017
4025
4033
4041
4049
4057
4065
4073
4010
4018
4026
4034
4042
4050
4058
4066
4074
4011
4019
4027
4035
4043
4051
4059
4067
4075
4012
4020
4028
4036
4044
4052
4060
4068
4076
4013
4021
4029
4037
4045
4053
4061
4069
4077
4014
4022
4030
4038
4046
4054
4062
4070
4078
4015
4023
4031
4039
4047
4055
4063
4071
4079
4584
4592
4600
4608
4616
4624
4632
4640
4648
4585
4593
4601
4609
4617
4625
4633
4641
4649
4586
4594
4602
4610
4618
4626
4634
4642
4650
4587
4595
4603
4611
4619
4627
4635
4643
4651
4588
4596
4604
4612
4620
4628
4636
4644
4652
4589
4597
4605
4613
4621
4629
4637
4645
4653
4590
4598
4606
4614
4622
4630
4638
4646
4654
4591
4599
4607
4615
4623
4631
4639
4647
4655
Alpha!!!!!! file_index:0 Scale: 1.36675 Var: 20.1228 quant_batch: 10 ANS: 311
Alpha!!!!!! file_index:1 Scale: 0.367249 Var: 1.01016 quant_batch: 10 ANS: 374
Alpha!!!!!! file_index:2 Scale: 0.218 Var: 11.3227 quant_batch: 10 ANS: 66
Alpha!!!!!! file_index:3 Scale: 0.301432 Var: 19.7326 quant_batch: 10 ANS: 69
Alpha!!!!!! file_index:4 Scale: -0.227266 Var: 0.439973 quant_batch: 10 ANS: -350
Alpha!!!!!! file_index:5 Scale: 0.575438 Var: 4.63249 quant_batch: 10 ANS: 273
Alpha!!!!!! file_index:6 Scale: 1.03398 Var: 20.8619 quant_batch: 10 ANS: 231
Alpha!!!!!! file_index:7 Scale: -0.425218 Var: 1.51875 quant_batch: 10 ANS: -353
Beta!!!!!! file_index:0 Bias: -0.184903 Scale: 1.36675 Mean: -8.47555 Var: 20.1228 ANS: 2454 quant_batch: 1024
Beta!!!!!! file_index:1 Bias: -0.351837 Scale: 0.367249 Mean: 1.42027 Var: 1.01016 ANS: -891 quant_batch: 1024
Beta!!!!!! file_index:2 Bias: 0.991702 Scale: 0.218 Mean: -9.38097 Var: 11.3227 ANS: 1637 quant_batch: 1024
Beta!!!!!! file_index:3 Bias: 0.225572 Scale: 0.301432 Mean: 6.01224 Var: 19.7326 ANS: -186 quant_batch: 1024
Beta!!!!!! file_index:4 Bias: -0.0643284 Scale: -0.227266 Mean: 1.25575 Var: 0.439973 ANS: 374 quant_batch: 1024
Beta!!!!!! file_index:5 Bias: -0.00796754 Scale: 0.575438 Mean: -0.257505 Var: 4.63249 ANS: 62 quant_batch: 1024
Beta!!!!!! file_index:6 Bias: 0.250445 Scale: 1.03398 Mean: -8.46927 Var: 20.8619 ANS: 2219 quant_batch: 1024
Beta!!!!!! file_index:7 Bias: -0.612269 Scale: -0.425218 Mean: -2.48821 Var: 1.51875 ANS: -1506 quant_batch: 1024
Alpha!!!!!! file_index:8 Scale: 0.564445 Var: 2.67734 quant_batch: 10 ANS: 353
Alpha!!!!!! file_index:9 Scale: -0.588601 Var: 2.14813 quant_batch: 10 ANS: -411
Alpha!!!!!! file_index:10 Scale: -0.440603 Var: 2.55159 quant_batch: 10 ANS: -282
Alpha!!!!!! file_index:11 Scale: 0.723426 Var: 11.4006 quant_batch: 10 ANS: 219
Alpha!!!!!! file_index:12 Scale: -0.775355 Var: 5.20062 quant_batch: 10 ANS: -348
Alpha!!!!!! file_index:13 Scale: -0.279725 Var: 2.69655 quant_batch: 10 ANS: -174
Alpha!!!!!! file_index:14 Scale: 0.514597 Var: 3.65873 quant_batch: 10 ANS: 275
Alpha!!!!!! file_index:15 Scale: -0.697515 Var: 6.10556 quant_batch: 10 ANS: -289
Beta!!!!!! file_index:8 Bias: -0.70995 Scale: 0.564445 Mean: -2.77293 Var: 2.67734 ANS: 252 quant_batch: 1024
Beta!!!!!! file_index:9 Bias: -0.632378 Scale: -0.588601 Mean: -0.893999 Var: 2.14813 ANS: -1015 quant_batch: 1024
Beta!!!!!! file_index:10 Bias: -0.0565158 Scale: -0.440603 Mean: 1.68198 Var: 2.55159 ANS: 417 quant_batch: 1024
Beta!!!!!! file_index:11 Bias: -0.187326 Scale: 0.723426 Mean: -1.15378 Var: 11.4006 ANS: 61 quant_batch: 1024
Beta!!!!!! file_index:12 Bias: -0.30864 Scale: -0.775355 Mean: 1.74721 Var: 5.20062 ANS: 292 quant_batch: 1024
Beta!!!!!! file_index:13 Bias: 0.542894 Scale: -0.279725 Mean: -1.32517 Var: 2.69655 ANS: 324 quant_batch: 1024
Beta!!!!!! file_index:14 Bias: 0.304339 Scale: 0.514597 Mean: -4.24807 Var: 3.65873 ANS: 1481 quant_batch: 1024
Beta!!!!!! file_index:15 Bias: -0.225635 Scale: -0.697515 Mean: -1.28523 Var: 6.10556 ANS: -602 quant_batch: 1024
Alpha!!!!!! file_index:16 Scale: 0.467172 Var: 2.66172 quant_batch: 10 ANS: 293
Alpha!!!!!! file_index:17 Scale: 0.951097 Var: 3.01482 quant_batch: 10 ANS: 560
Alpha!!!!!! file_index:18 Scale: -0.310266 Var: 1.11307 quant_batch: 10 ANS: -301
Alpha!!!!!! file_index:19 Scale: -1.05726 Var: 5.62799 quant_batch: 10 ANS: -456
Alpha!!!!!! file_index:20 Scale: 0.731087 Var: 5.31638 quant_batch: 10 ANS: 324
Alpha!!!!!! file_index:21 Scale: -1.14754 Var: 9.80322 quant_batch: 10 ANS: -375
Alpha!!!!!! file_index:22 Scale: -0.617628 Var: 3.34127 quant_batch: 10 ANS: -345
Alpha!!!!!! file_index:23 Scale: -0.467273 Var: 20.8141 quant_batch: 10 ANS: -104
Beta!!!!!! file_index:16 Bias: -0.43402 Scale: 0.467172 Mean: -0.640625 Var: 2.66172 ANS: -256 quant_batch: 1024
Beta!!!!!! file_index:17 Bias: -0.837923 Scale: 0.951097 Mean: 0.283636 Var: 3.01482 ANS: -1017 quant_batch: 1024
Beta!!!!!! file_index:18 Bias: -0.516187 Scale: -0.310266 Mean: -3.30158 Var: 1.11307 ANS: -1522 quant_batch: 1024
Beta!!!!!! file_index:19 Bias: -0.597256 Scale: -1.05726 Mean: 0.896454 Var: 5.62799 ANS: -202 quant_batch: 1024
Beta!!!!!! file_index:20 Bias: -0.142392 Scale: 0.731087 Mean: -3.53794 Var: 5.31638 ANS: 1002 quant_batch: 1024
Beta!!!!!! file_index:21 Bias: -0.270823 Scale: -1.14754 Mean: 5.5962 Var: 9.80322 ANS: 1822 quant_batch: 1024
Beta!!!!!! file_index:22 Bias: 0.0589862 Scale: -0.617628 Mean: -1.06578 Var: 3.34127 ANS: -308 quant_batch: 1024
Beta!!!!!! file_index:23 Bias: 1.42854 Scale: -0.467273 Mean: 2.75429 Var: 20.8141 ANS: 1751 quant_batch: 1024
Alpha!!!!!! file_index:24 Scale: -0.520244 Var: 3.73861 quant_batch: 10 ANS: -275
Alpha!!!!!! file_index:25 Scale: -0.808976 Var: 4.93633 quant_batch: 10 ANS: -372
Alpha!!!!!! file_index:26 Scale: -0.403363 Var: 1.09824 quant_batch: 10 ANS: -394
Alpha!!!!!! file_index:27 Scale: -0.547759 Var: 6.10503 quant_batch: 10 ANS: -227
Alpha!!!!!! file_index:28 Scale: -0.71089 Var: 5.22887 quant_batch: 10 ANS: -318
Alpha!!!!!! file_index:29 Scale: -0.304549 Var: 2.53133 quant_batch: 10 ANS: -196
Alpha!!!!!! file_index:30 Scale: -0.437674 Var: 3.01608 quant_batch: 10 ANS: -258
Alpha!!!!!! file_index:31 Scale: -0.420103 Var: 15.0695 quant_batch: 10 ANS: -110
Beta!!!!!! file_index:24 Bias: -0.151143 Scale: -0.520244 Mean: 1.42279 Var: 3.73861 ANS: 237 quant_batch: 1024
Beta!!!!!! file_index:25 Bias: -0.520763 Scale: -0.808976 Mean: 0.240452 Var: 4.93633 ANS: -443 quant_batch: 1024
Beta!!!!!! file_index:26 Bias: -0.236687 Scale: -0.403363 Mean: -1.52617 Var: 1.09824 ANS: -843 quant_batch: 1024
Beta!!!!!! file_index:27 Bias: -0.118623 Scale: -0.547759 Mean: -13.3842 Var: 6.10503 ANS: -3159 quant_batch: 1024
Beta!!!!!! file_index:28 Bias: -0.00771785 Scale: -0.71089 Mean: -1.07985 Var: 5.22887 ANS: -351 quant_batch: 1024
Beta!!!!!! file_index:29 Bias: 0.499388 Scale: -0.304549 Mean: 1.70726 Var: 2.53133 ANS: 846 quant_batch: 1024
Beta!!!!!! file_index:30 Bias: -0.16875 Scale: -0.437674 Mean: -8.77795 Var: 3.01608 ANS: -2438 quant_batch: 1024
Beta!!!!!! file_index:31 Bias: 1.4194 Scale: -0.420103 Mean: -5.40803 Var: 15.0695 ANS: 854 quant_batch: 1024
