0
8
16
24
32
40
48
56
64
1
9
17
25
33
41
49
57
65
2
10
18
26
34
42
50
58
66
3
11
19
27
35
43
51
59
67
4
12
20
28
36
44
52
60
68
5
13
21
29
37
45
53
61
69
6
14
22
30
38
46
54
62
70
7
15
23
31
39
47
55
63
71
72
80
88
96
104
112
120
128
136
73
81
89
97
105
113
121
129
137
74
82
90
98
106
114
122
130
138
75
83
91
99
107
115
123
131
139
76
84
92
100
108
116
124
132
140
77
85
93
101
109
117
125
133
141
78
86
94
102
110
118
126
134
142
79
87
95
103
111
119
127
135
143
144
152
160
168
176
184
192
200
208
145
153
161
169
177
185
193
201
209
146
154
162
170
178
186
194
202
210
147
155
163
171
179
187
195
203
211
148
156
164
172
180
188
196
204
212
149
157
165
173
181
189
197
205
213
150
158
166
174
182
190
198
206
214
151
159
167
175
183
191
199
207
215
216
224
232
240
248
256
264
272
280
217
225
233
241
249
257
265
273
281
218
226
234
242
250
258
266
274
282
219
227
235
243
251
259
267
275
283
220
228
236
244
252
260
268
276
284
221
229
237
245
253
261
269
277
285
222
230
238
246
254
262
270
278
286
223
231
239
247
255
263
271
279
287
288
296
304
312
320
328
336
344
352
289
297
305
313
321
329
337
345
353
290
298
306
314
322
330
338
346
354
291
299
307
315
323
331
339
347
355
292
300
308
316
324
332
340
348
356
293
301
309
317
325
333
341
349
357
294
302
310
318
326
334
342
350
358
295
303
311
319
327
335
343
351
359
360
368
376
384
392
400
408
416
424
361
369
377
385
393
401
409
417
425
362
370
378
386
394
402
410
418
426
363
371
379
387
395
403
411
419
427
364
372
380
388
396
404
412
420
428
365
373
381
389
397
405
413
421
429
366
374
382
390
398
406
414
422
430
367
375
383
391
399
407
415
423
431
432
440
448
456
464
472
480
488
496
433
441
449
457
465
473
481
489
497
434
442
450
458
466
474
482
490
498
435
443
451
459
467
475
483
491
499
436
444
452
460
468
476
484
492
500
437
445
453
461
469
477
485
493
501
438
446
454
462
470
478
486
494
502
439
447
455
463
471
479
487
495
503
504
512
520
528
536
544
552
560
568
505
513
521
529
537
545
553
561
569
506
514
522
530
538
546
554
562
570
507
515
523
531
539
547
555
563
571
508
516
524
532
540
548
556
564
572
509
517
525
533
541
549
557
565
573
510
518
526
534
542
550
558
566
574
511
519
527
535
543
551
559
567
575
592
600
608
616
624
632
640
648
656
593
601
609
617
625
633
641
649
657
594
602
610
618
626
634
642
650
658
595
603
611
619
627
635
643
651
659
596
604
612
620
628
636
644
652
660
597
605
613
621
629
637
645
653
661
598
606
614
622
630
638
646
654
662
599
607
615
623
631
639
647
655
663
664
672
680
688
696
704
712
720
728
665
673
681
689
697
705
713
721
729
666
674
682
690
698
706
714
722
730
667
675
683
691
699
707
715
723
731
668
676
684
692
700
708
716
724
732
669
677
685
693
701
709
717
725
733
670
678
686
694
702
710
718
726
734
671
679
687
695
703
711
719
727
735
736
744
752
760
768
776
784
792
800
737
745
753
761
769
777
785
793
801
738
746
754
762
770
778
786
794
802
739
747
755
763
771
779
787
795
803
740
748
756
764
772
780
788
796
804
741
749
757
765
773
781
789
797
805
742
750
758
766
774
782
790
798
806
743
751
759
767
775
783
791
799
807
808
816
824
832
840
848
856
864
872
809
817
825
833
841
849
857
865
873
810
818
826
834
842
850
858
866
874
811
819
827
835
843
851
859
867
875
812
820
828
836
844
852
860
868
876
813
821
829
837
845
853
861
869
877
814
822
830
838
846
854
862
870
878
815
823
831
839
847
855
863
871
879
880
888
896
904
912
920
928
936
944
881
889
897
905
913
921
929
937
945
882
890
898
906
914
922
930
938
946
883
891
899
907
915
923
931
939
947
884
892
900
908
916
924
932
940
948
885
893
901
909
917
925
933
941
949
886
894
902
910
918
926
934
942
950
887
895
903
911
919
927
935
943
951
952
960
968
976
984
992
1000
1008
1016
953
961
969
977
985
993
1001
1009
1017
954
962
970
978
986
994
1002
1010
1018
955
963
971
979
987
995
1003
1011
1019
956
964
972
980
988
996
1004
1012
1020
957
965
973
981
989
997
1005
1013
1021
958
966
974
982
990
998
1006
1014
1022
959
967
975
983
991
999
1007
1015
1023
1024
1032
1040
1048
1056
1064
1072
1080
1088
1025
1033
1041
1049
1057
1065
1073
1081
1089
1026
1034
1042
1050
1058
1066
1074
1082
1090
1027
1035
1043
1051
1059
1067
1075
1083
1091
1028
1036
1044
1052
1060
1068
1076
1084
1092
1029
1037
1045
1053
1061
1069
1077
1085
1093
1030
1038
1046
1054
1062
1070
1078
1086
1094
1031
1039
1047
1055
1063
1071
1079
1087
1095
1096
1104
1112
1120
1128
1136
1144
1152
1160
1097
1105
1113
1121
1129
1137
1145
1153
1161
1098
1106
1114
1122
1130
1138
1146
1154
1162
1099
1107
1115
1123
1131
1139
1147
1155
1163
1100
1108
1116
1124
1132
1140
1148
1156
1164
1101
1109
1117
1125
1133
1141
1149
1157
1165
1102
1110
1118
1126
1134
1142
1150
1158
1166
1103
1111
1119
1127
1135
1143
1151
1159
1167
Alpha!!!!!! file_index:0 Scale: 3.64374 Var: 0.0475731 quant_batch: 10 ANS: 17106
Alpha!!!!!! file_index:1 Scale: -1.24428 Var: 0.017532 quant_batch: 10 ANS: -9622
Alpha!!!!!! file_index:2 Scale: -2.91402 Var: 0.026667 quant_batch: 10 ANS: -18272
Alpha!!!!!! file_index:3 Scale: -1.31017 Var: 0.0334644 quant_batch: 10 ANS: -7333
Alpha!!!!!! file_index:4 Scale: -1.22731 Var: 0.042677 quant_batch: 10 ANS: -6083
Alpha!!!!!! file_index:5 Scale: -2.72729 Var: 0.00980053 quant_batch: 10 ANS: -28210
Alpha!!!!!! file_index:6 Scale: 2.12466 Var: 0.054166 quant_batch: 10 ANS: 9348
Alpha!!!!!! file_index:7 Scale: 1.16175 Var: 0.0240699 quant_batch: 10 ANS: 7667
Beta!!!!!! file_index:0 Bias: -4.02047 Scale: 3.64374 Mean: -0.585465 Var: 0.0475731 ANS: 5898 quant_batch: 1024
Beta!!!!!! file_index:1 Bias: -1.84805 Scale: -1.24428 Mean: -0.263506 Var: 0.017532 ANS: -4428 quant_batch: 1024
Beta!!!!!! file_index:2 Bias: -2.35868 Scale: -2.91402 Mean: 0.025942 Var: 0.026667 ANS: -1941 quant_batch: 1024
Beta!!!!!! file_index:3 Bias: 2.38039 Scale: -1.31017 Mean: -0.434342 Var: 0.0334644 ANS: -747 quant_batch: 1024
Beta!!!!!! file_index:4 Bias: -0.526904 Scale: -1.22731 Mean: -0.143078 Var: 0.042677 ANS: -1409 quant_batch: 1024
Beta!!!!!! file_index:5 Bias: -2.99391 Scale: -2.72729 Mean: 0.0984071 Var: 0.00980053 ANS: -289 quant_batch: 1024
Beta!!!!!! file_index:6 Bias: 0.389805 Scale: 2.12466 Mean: 0.00593254 Var: 0.054166 ANS: 343 quant_batch: 1024
Beta!!!!!! file_index:7 Bias: 0.545831 Scale: 1.16175 Mean: 0.0602319 Var: 0.0240699 ANS: 97 quant_batch: 1024
Alpha!!!!!! file_index:8 Scale: 1.41264 Var: 0.0246635 quant_batch: 10 ANS: 9210
Alpha!!!!!! file_index:9 Scale: -1.66034 Var: 0.11461 quant_batch: 10 ANS: -5022
Alpha!!!!!! file_index:10 Scale: 1.1245 Var: 0.0339141 quant_batch: 10 ANS: 6252
Alpha!!!!!! file_index:11 Scale: -0.982732 Var: 0.246731 quant_batch: 10 ANS: -2025
Alpha!!!!!! file_index:12 Scale: -3.14964 Var: 0.078891 quant_batch: 10 ANS: -11482
Alpha!!!!!! file_index:13 Scale: -2.45679 Var: 0.0225341 quant_batch: 10 ANS: -16759
Alpha!!!!!! file_index:14 Scale: -0.0647683 Var: 0.000108421 quant_batch: 10 ANS: -6369
Alpha!!!!!! file_index:15 Scale: -2.94811 Var: 0.10794 quant_batch: 10 ANS: -9188
Beta!!!!!! file_index:8 Bias: 2.54457 Scale: 1.41264 Mean: -0.384511 Var: 0.0246635 ANS: 6147 quant_batch: 1024
Beta!!!!!! file_index:9 Bias: 0.619813 Scale: -1.66034 Mean: -0.918894 Var: 0.11461 ANS: -3980 quant_batch: 1024
Beta!!!!!! file_index:10 Bias: -0.761167 Scale: 1.1245 Mean: -0.123869 Var: 0.0339141 ANS: -4 quant_batch: 1024
Beta!!!!!! file_index:11 Bias: 3.80747 Scale: -0.982732 Mean: 0.227082 Var: 0.246731 ANS: 4358 quant_batch: 1024
Beta!!!!!! file_index:12 Bias: 0.874908 Scale: -3.14964 Mean: 0.010608 Var: 0.078891 ANS: 1017 quant_batch: 1024
Beta!!!!!! file_index:13 Bias: -0.718757 Scale: -2.45679 Mean: 0.0566471 Var: 0.0225341 ANS: 213 quant_batch: 1024
Beta!!!!!! file_index:14 Bias: -3.61702 Scale: -0.0647683 Mean: 0.00220743 Var: 0.000108421 ANS: -3689 quant_batch: 1024
Beta!!!!!! file_index:15 Bias: -1.21295 Scale: -2.94811 Mean: 0.892551 Var: 0.10794 ANS: 6959 quant_batch: 1024
